5
2

 0.000115488541456835
0.0001625636829491743
0.0005578384171324669
  0.06841981598719879
   0.5532207017154028

0.004829122132562559   0.2468985569698074  -0.5521659982570452   0.6928940177881566  -0.3924644858173058
 -0.1148728184989145   0.6686596711089725  -0.4848707470609572   -0.423191280747185   0.3542710520867648
  0.6232370145910616  -0.4698152730997107  -0.5011820499469486 -0.02512523977875362   0.3728733135300784
 -0.6521190136779744  -0.2882464017430661  -0.1155929619887021   0.3522464638356285   0.5951600622822529
  0.4160496734680029   0.4337314466845669   0.4421175058318808   0.4648636047856388   0.4766693207526365

0.0000483913999529
-0.0000070681280526
-0.0001223013644735
-0.0004316984123216
-0.0005890308359541

0.002792899150408582
0.0005948440782858

-0.9591793982905452   1.669482752921021   2.971493859994836   8.097970539569459  -11.77977770919044
   1.25694470175802 0.01493057033141912 0.06583102235290247  0.7582963369474538  -1.096050132090963

 1.200515365250238e-07 -2.065138258441264e-07 -2.323680936664111e-06   -0.02039900821578153   -0.06482711042313538
 1.239045159757042e-08 -2.313753764938957e-08  9.821776125336796e-08  -0.005696212421899901     0.1189271210072625

cov:
0.05496785735845634 0.05610831108501334 0.05664906603667742 0.05811729942581959 0.05887908157754244
0.05610831108501334 0.05796465527878651 0.05884487163450561 0.06123295163492417 0.06247227408958578
0.05664906603667742 0.05884487163450561 0.05988620046492762 0.06271076575120683 0.06417670439842743
0.05811729942581959 0.06123295163492417 0.06271076575120683 0.06671837693424559 0.06879854445588146
0.05887908157754244 0.06247227408958578 0.06417670439842743 0.06879854445588146 0.07119767693804249

cov.inverse():
 1749385.379353852 -3758042.197084234  903969.1479758804  2040035.992793934 -935339.9280118499
-3758042.197173137  22198336.60730216 -21733014.87987191  2156729.532224314  1135752.270898212
 903969.1479679813 -21733014.88074338  32562624.34923879 -20880256.49583647  9147142.922425246
 2040035.993140335  2156729.534317885 -20880256.49904652  42775013.86050835 -26091917.14869169
-935339.9282614305  1135752.269587137  9147142.924755977 -26091917.14946173  16744540.19429536

cov*(cov_.inverse()):
    0.9999999999854481 -1.600710675120354e-10  1.164153218269348e-10 -6.984919309616089e-10  2.328306436538696e-10
-2.182787284255028e-11     0.9999999998981366 -3.492459654808044e-10 -2.328306436538696e-10 -1.164153218269348e-10
-7.275957614183426e-12  -3.92901711165905e-10                      1 -2.328306436538696e-10  2.328306436538696e-10
 7.275957614183426e-12  7.275957614183426e-11 -2.328306436538696e-10      1.000000000232831                      0
-1.455191522836685e-11  4.365574568510056e-11                      0                      0                      1
