7
2

9.835966795805646e-05
  0.00013897622944218
0.0002042357041923635
0.0003503109435684743
0.0007360688817948634
    0.114517231166174
   0.7573538313821097

 -0.01070065579752824   0.02171030101221208   -0.2154627766105178    0.6951335455452207   -0.6683005038722661    0.1495462316001278   0.02810099085004778
 -0.02342686308553348    0.1081075961588274   -0.2940497368513572    0.3666127889567397    0.3211994815165151   -0.7632797398672734    0.2848309617148557
   0.1429267901360131   -0.5412689420176675     0.655480987955989   0.02896514154389456   -0.2602348510671835   -0.3195708763564584    0.2936968459940947
  -0.3626782476882659    0.6247473905394675    0.2029794798288529   -0.3220315694581645   -0.3910354552788458   -0.1494782803705721     0.397489247805443
   0.6160004965326343  -0.09553420132050564   -0.4627637714356968   -0.3652257699502384   -0.2118811414984118   0.05468406984283283    0.4647498981637556
  -0.6079088184849059   -0.4294406865678515   -0.2380703723318571 -0.001436152147148972    0.1621214780977711    0.3099127076928183    0.5167385609407323
   0.3136293290597887    0.3331875657975628    0.3541563764976759    0.3800647051621746    0.3979917496873865    0.4141671499775184     0.436823659944948

-0.0005971390919027
-0.0017408870681200
-0.0030131157607188
-0.0045435548212156
-0.0056704763258949
-0.0066543909409073
-0.0080563075096669

0.01590278999688102
0.0016471032041216

 -0.2461959390837252    2.392758411334001   -4.509340372183261    7.336301025382175  -0.6874315831167472    1.058341984484948   -5.344372211080377
   1.271980474210695   0.5230322373589901   -1.302335594715846     1.78078075118235   -1.197654116633319 -0.06270727163900428 -0.01183110940969247

 6.378852917213555e-08  3.339726421843032e-08 -2.420372828116984e-07 -4.549618640871312e-07 -1.762554775987012e-06   -0.03094918621230047    -0.1482884958557271
 2.231850869044521e-08  1.395196617737601e-08 -2.399039607027232e-08 -6.128227652946369e-08  5.042468149718413e-07   -0.01193499720140101     0.1611680547672585

cov:
0.06126634333449474 0.06336165814160269 0.06560805524135377 0.06838233088615625 0.07030341387387269 0.07203510732220418 0.07446210670757948
0.06336165814160269 0.06609449570588716 0.06902407832398892 0.07264275457057472 0.07514768998515464 0.07740667011862769 0.08057179942316105
0.06560805524135377 0.06902407832398892 0.07268629527051995 0.07721042369918596 0.08034141213216006 0.08316578508333625 0.08712239015444889
0.06838233088615625 0.07264275457057472 0.07721042369918596 0.08285397717705459 0.08675894329232005 0.09028232196363406 0.09521743559151599
0.07030341387387269 0.07514768998515464 0.08034141213216006 0.08675894329232005 0.09119910147423761 0.09520581898018365  0.1008175513157325
0.07203510732220418 0.07740667011862769 0.08316578508333625 0.09028232196363406 0.09520581898018365 0.09964912978337442  0.1058719816660472
0.07446210670757948 0.08057179942316105 0.08712239015444889 0.09521743559151599  0.1008175513157325  0.1058719816660472  0.1129504146139551

cov.inverse():
 2302237.171910048 -3964762.530384899  1714962.424652941 -577797.6110695865  372645.7289461362  169309.7452431479 -16564.66155918363
-3964762.530335952  10874879.35822546    -9520115.833812  1661037.782896046  1721637.413220997 -560481.9335442843 -212132.6890301548
 1714962.424331792 -9520115.833531331  20306744.93879507 -20828250.54563116  5438361.745911251   2974124.80525927 -86455.66647786723
-577797.6104563207  1661037.782829755  -20828250.5470521  58016365.95360857 -40933151.00798153 -3609501.058973062   6273139.33134967
 372645.7288155714  1721637.412684181  5438361.747615183 -40933151.00911539  54458647.59957534 -20575022.98664717 -485043.4347490119
 169309.7448786598  -560481.933215941   2974124.80543539 -3609501.059183341 -20575022.98643487   35111385.1248053 -13509131.78224307
-16564.66140518659 -212132.6889871321 -86455.66697748163  6273139.331819809 -485043.4350585502 -13509131.78210105  8036143.851123672

cov*(cov_.inverse()):
    0.9999999999879492  1.437001628801227e-10  1.427906681783497e-10 -2.328306436538696e-10  1.185981091111898e-09  3.492459654808044e-10                      0
 1.227817847393453e-11       1.00000000001819  5.547917680814862e-11  5.820766091346741e-10  1.171429175883532e-09                      0                      0
  1.13686837721616e-12  6.912159733474255e-11       1.00000000017917  5.820766091346741e-10  8.440110832452774e-10                      0  2.328306436538696e-10
-3.637978807091713e-12   1.01863406598568e-10 -7.821654435247183e-11      1.000000000465661  6.039044819772243e-10  4.656612873077393e-10  1.164153218269348e-10
-2.751221472863108e-11  1.491571310907602e-10  1.891748979687691e-10  3.492459654808044e-10      1.000000000887667  2.328306436538696e-10 -1.164153218269348e-10
-3.842615114990622e-11  3.019522409886122e-10 -9.094947017729282e-12  9.313225746154785e-10 -6.548361852765083e-11                      1                      0
 6.366462912410498e-12  9.094947017729282e-11 -3.274180926382542e-11  1.164153218269348e-10 -7.275957614183426e-11 -2.328306436538696e-10                      1
