5
2

9.265210176354886e-05
 0.000149470760186719
 0.000542524974814242
  0.07368962585328803
   0.5655411290159108

-0.003131571527544417    0.2031602306457817   -0.6473061087737733    0.6925135232631249    -0.245226294645518
 -0.05040988438342269    0.6350205883092562   -0.4652842736135382   -0.4901277775679053    0.3708004886243879
   0.4996661309379231    -0.573960821139154   -0.4043482667476829  -0.02792597613161628    0.5065820293161168
  -0.7648367712321635   -0.1870609368354651  0.005662107084980496    0.2553855704258698    0.5610517536226125
   0.4034941236014515    0.4370949036706158    0.4483032076547984    0.4628154405693368    0.4805898868903724

0.0011503740050704
0.0013649568696736
0.0013759678020503
0.0013808208228998
0.0013940096238298

-0.000242007338053562
0.0013010289558807

 0.1311517680531495 -0.3874633017210584   4.151888754996068    5.70952742991483  -9.605413043899931
  1.375096828081084 -0.4505029280800237  0.3140681808565646  0.5739139527220697 -0.8128419357680591

 3.041245987335886e-08  -1.90898287694837e-07 -1.888519857236502e-06   -0.02136944774393234    -0.0732237929882444
 2.555104247297622e-09 -2.422314234142001e-08  1.150458383303881e-07  -0.006924279965472116      0.119523433286192

cov:
0.05524841069889971 0.05718489756360983  0.0578309658954559  0.0586667094685484 0.05969113079221774
0.05718489756360983 0.06129555726454768 0.06266665896942714 0.06444173147350647 0.06661601511597996
 0.0578309658954559 0.06266665896942714 0.06427967020842011 0.06636811607532216 0.06892601531487318
 0.0586667094685484 0.06444173147350647 0.06636811607532216 0.06886261291910201 0.07191755616340406
0.05969113079221774 0.06661601511597996 0.06892601531487318 0.07191755616340406 0.07558100373528753

cov.inverse():
 963235.2524285803 -2481270.685668989  599542.0530646807  805821.2882833113  112713.7925765576
-2481270.685365282  23976692.89832618  -27755707.4318466  2512522.389094295  3747951.839197007
 599542.0521873442 -27755707.42557633  59055501.56861181 -41973096.63439485  10073025.94235504
 805821.2891340896  2512522.379018435 -41973096.62285375  66620873.25778641  -27965316.7041809
 112713.7922994006  3747951.843306188  10073025.93620697  -27965316.7018648  14031344.01252487

cov*(cov_.inverse()):
     1.000000000006366  2.328306436538696e-10                      0                      0 -1.164153218269348e-10
-1.091393642127514e-11      1.000000000174623  1.164153218269348e-10  6.984919309616089e-10 -1.164153218269348e-10
-2.182787284255028e-11  5.820766091346741e-11      1.000000000349246 -4.656612873077393e-10                      0
 6.366462912410498e-12  3.492459654808044e-10 -4.656612873077393e-10      1.000000000931323 -4.656612873077393e-10
-3.637978807091713e-12 -1.164153218269348e-10  3.492459654808044e-10                      0                      1
