5
2

9.091154485101219e-05
0.0001401878785204944
0.0003102414385968065
  0.08731988373147852
   0.5605894896058935

-0.04156156080164342   0.2139839067307994  -0.6048301536140959   0.7127899123852506  -0.2803471961781169
 -0.2700836258784353   0.7420338532203012  -0.3445479596941372  -0.4169802907679325   0.2895768227760782
  0.6209363385100207  -0.3007650264673096  -0.5594203271038322  -0.1823617851818855   0.4216296233665341
 -0.6114631210192042  -0.3654751601307473 -0.07979223708642688   0.2607065580662072   0.6466885250589137
  0.4072817045330069   0.4237510525258675    0.442887440862282   0.4656546443443514   0.4915008907040776

-0.0002935173986316
-0.0001747736337864
-0.0000726815716546
0.0000346267090447
0.0001405396092796

-0.0007849942567695427
-0.0002129473303018

 0.5199538059749911 0.06950739770953426 -0.8697129599229274   8.414566363055208   -8.13420195310448
  1.469369494482932 -0.3014898696382841 -0.1894781883639504  0.7395349384415957 -0.7179326316828242

 7.271062547518825e-08 -1.111038693726781e-07 -4.019031445806998e-07   -0.02547053219677078   -0.07028407604003846
 5.929429984796499e-09 -2.105883004877785e-08  6.463131225395981e-08  -0.007965104760817137     0.1188773918466825

cov:
0.05497987648750876  0.0559409102979708 0.05705828835943159 0.05838484981311625 0.05989346172912605
 0.0559409102979708 0.05744866134543164 0.05920090937929016 0.06128391361499214 0.06365020311775238
0.05705828835943159 0.05920090937929016 0.06169056816557045  0.0646521697125144 0.06801464103688273
0.05838484981311625 0.06128391361499214  0.0646521697125144 0.06866070553536308 0.07321020756583108
0.05989346172912605 0.06365020311775238 0.06801464103688273 0.07321020756583108 0.07910565058490179

cov.inverse():
 7926621.168944201 -13214024.82481368  4167589.081665826  969622.4576636241  150169.3700306203
-13214024.82572416  34497359.00427891 -26920602.13215257  3280319.729026894  2357758.054330437
 4167589.086870071 -26920602.14567227  53553798.87602845 -43791951.28397769  12988527.19177873
 969622.4502553327  3280319.751507039 -43791951.30246741  70665898.56471519 -31120890.84654251
 150169.3731447807  2357758.044460481  12988527.20195254  -31120890.8499609  15623307.72007768

cov*(cov_.inverse()):
     1.000000000050932 -1.746229827404022e-10  3.492459654808044e-10 -6.984919309616089e-10                      0
                     0      1.000000000261934  5.820766091346741e-10 -9.313225746154785e-10  1.164153218269348e-10
   1.2732925824821e-11  -2.91038304567337e-10      1.000000000116415                      0                      0
-5.638867150992155e-11  1.164153218269348e-10 -2.328306436538696e-10      1.000000000465661                      0
-3.819877747446299e-11 -1.164153218269348e-10 -1.164153218269348e-10                      0                      1
