5
2

9.361904549217402e-05
0.0002169738139209352
0.0004609259163099177
  0.08253154673603495
   0.5606728391900239

-0.01659669676163978  0.05541745773748366  -0.5243676581266588   0.7922355597855255   -0.306683602360144
 -0.2764600742483955   0.7026494379831544  -0.5019272181307568  -0.2579699379497996   0.3337276935799978
  0.5763817583143267  -0.4087264901806684  -0.5164971257164501  -0.1197855054811066   0.4686244516778422
 -0.6529472621960786  -0.3971225639317358  0.05052590090833323   0.2729074353879882   0.5821702560714367
  0.4058796847297291   0.4224322408632513   0.4514260507262846   0.4658189490693552   0.4858393878809538

-0.0019275700310877
-0.0015943883694148
-0.0009876619142571
-0.0007529629579823
-0.0004182187742580

-0.003820996789457479
-0.0022235214804252

-0.1582505660679492   1.522297810494655  -2.031933010160662   10.57778555126516  -9.910441799441138
  1.384675625056762 -0.1461526108497618 -0.2830460026976044  0.8771914427154945 -0.8326414417346535

 1.101870569109919e-07 -1.837376772665967e-07 -1.184481031533323e-06   -0.02374938784520894   -0.07103789313766508
  9.35735339688804e-09 -3.990289184838836e-08  1.080873726176848e-07  -0.007531616673644524     0.1183794980790794

cov:
0.05469022602401773 0.05566424598861983  0.0573726400552631 0.05822002725679853 0.05939904476758859
0.05566424598861983 0.05717043070098801 0.05980970153062657 0.06111941768862673 0.06294141468032267
 0.0573726400552631 0.05980970153062657  0.0640782468818573 0.06619718689638879 0.06914460014452006
0.05822002725679853 0.06111941768862673 0.06619718689638879 0.06871814918415813  0.0722246413363439
0.05939904476758859 0.06294141468032267 0.06914460014452006  0.0722246413363439 0.07650870431588526

cov.inverse():
 3218700.289498167 -5340030.341176123  2539230.883006874 -310286.6411770968 -107731.8099062456
-5340030.341093538  11624029.01653872 -9813310.760888986  1389393.979017738  2140264.157067739
 2539230.883864561 -9813310.764483603   37979142.9368519  -44356584.9054025  13651016.13084114
-310286.6429130543  1389393.985527017 -44356584.91335952  73092223.28355904 -29814398.20110686
-107731.8091105748  2140264.154235682  13651016.13606131 -29814398.20429076   14130798.4134831

cov*(cov_.inverse()):
     1.000000000025466                      0                      0 -2.328306436538696e-10  3.492459654808044e-10
 2.091837814077735e-11                      1 -1.164153218269348e-10  6.984919309616089e-10  2.328306436538696e-10
 1.000444171950221e-11 -5.820766091346741e-11     0.9999999994179234  6.984919309616089e-10  2.328306436538696e-10
 4.638422979041934e-11  5.820766091346741e-11  2.328306436538696e-10      1.000000000931323  1.164153218269348e-10
 5.456968210637569e-12   2.91038304567337e-11 -1.164153218269348e-10                      0                      1
