6
2

0.0001148294374664616
0.0001440283187910577
 0.000191797268283808
0.0005643199127153669
  0.05864315912959523
   0.5987481923365594

-0.006128781956015871   0.03556189376177223   -0.1738628251638503    0.5961009038334761   -0.7313682826869058    0.2797027981597176
  0.01621813656463112   -0.3422938977389379    0.7698920398560365   -0.3153685811246574   -0.3659933777990544    0.2375491781295543
  -0.2209543429881801    0.7310313321681816  -0.08573128886229728   -0.5055250594658142   -0.2337928240956514    0.3149727694048322
   0.6429502128332322   -0.2916326383047527   -0.4317699647639828   -0.3407355847881549  -0.02427544015154064    0.4454773730340778
  -0.6225886577085523    -0.322749717503559   -0.1427330829910264   0.06892353766162178    0.3163205751690488    0.6188974792684501
   0.3871394780994732    0.3974247787921099    0.4035964267061228    0.4108522751010387    0.4193354201810237    0.4297030456895363

0.0003323751535726
0.0006127486763453
0.0006701923001295
0.0007373989431300
0.0008155208232259
0.0009077176575504

-0.001652941165313492
0.0003075373150290

  -1.947187956181705    1.143261349988578    1.823958178062552    2.660551433026741     11.9358299479692   -15.61664406259927
   1.154193696371807 -0.05966119874858733    0.150356492636363   0.2065666240555799   0.9934075406438864   -1.444896477990511

-1.552769989081532e-07 -1.646229358229963e-07 -2.922543491398149e-07 -3.352091134869439e-06   -0.01761881449246669   -0.06296668305306807
 -1.37513475582092e-08 -1.280039702226811e-08 -4.058649181136743e-08 -1.388468352054215e-08  -0.004424517256738035     0.1306261991238797

cov:
0.05506396032275925 0.05584926684538984 0.05632037098816865 0.05687424959835435 0.05752198124762237 0.05831314239398186
0.05584926684538984 0.05698199183987952 0.05766148179801261 0.05846033158786191 0.05939436188096636 0.06053562960343476
0.05632037098816865 0.05766148179801261 0.05846612860401183 0.05941204613240899 0.06051798462897287  0.0618694842957733
0.05687424959835435 0.05846033158786191 0.05941204613240899  0.0605309420990014 0.06183901790959414 0.06343773096346922
0.05752198124762237 0.05939436188096636 0.06051798462897287 0.06183901790959414 0.06338343681662834 0.06527114786849027
0.05831314239398186 0.06053562960343476  0.0618694842957733 0.06343773096346922 0.06527114786849027 0.06751234742982863

cov.inverse():
 2640879.555127913 -5263776.248041114  325969.2526112149  1824838.843488429  1408997.904950654 -936866.7280183866
-5263776.248004626  20538485.39742746 -14480967.16438879 -2922497.707857767 -557159.8689422123  2685882.719801969
 325969.2525713412 -14480967.16427792  31651223.72451136  -17924329.8244102 -3362062.886057296  3790207.429769956
 1824838.842460148 -2922497.706580162 -17924329.82362402  39054507.88474407 -24260613.84447664  4228277.557194148
 1408997.906806479 -557159.8713936383 -3362062.887305126 -24260613.84274051  48511369.22244486 -21740918.37560004
-936866.7288425578  2685882.720901448  3790207.430302568  4228277.556493546 -21740918.37570737  11973590.86344405

cov*(cov_.inverse()):
     0.999999999992724  1.164153218269348e-10 -3.783497959375381e-10  3.783497959375381e-10 -2.328306436538696e-10                      0
-1.455191522836685e-11      1.000000000261934 -8.731149137020111e-11 -1.164153218269348e-10  2.328306436538696e-10                      0
-2.182787284255028e-11  1.746229827404022e-10     0.9999999997962732 -4.656612873077393e-10  4.656612873077393e-10                      0
-1.455191522836685e-11  -2.91038304567337e-11 -1.164153218269348e-10      1.000000000058208 -4.656612873077393e-10  1.164153218269348e-10
                     0  5.820766091346741e-11 -1.746229827404022e-10  5.820766091346741e-11                      1  2.328306436538696e-10
 -2.91038304567337e-11  8.731149137020111e-11  -2.91038304567337e-11 -5.820766091346741e-11                      0                      1
