5
2

0.0001745766597374091
 0.000181505527305983
0.0004577026382581448
  0.07241492284010466
   0.5750072063759614

  0.3839202181495499   -0.808878614546273   0.3926108777501147   0.1638991422258142  -0.1315842805035267
  0.1142909248333978 -0.04412938918080231    0.297067295166666   -0.827562991754076   0.4603050057653726
  0.4592621163307456  -0.2039693317868772   -0.743810823022621  0.05079392155987452   0.4377673552022813
 -0.6826384221588334  -0.3483114558727397   0.0363144122059797   0.2627653148445603   0.5850808209820967
  0.4032690710836028   0.4252571284981109   0.4505934351887412   0.4654577668316359   0.4866672933635723

-0.0000605767425407
-0.0000078312996335
0.0000476864264577
0.0001272419914185
0.0001525756253057

-0.0003516103545525799
-0.0000139259340944

  2.242924447124639   2.485660992261631  -5.669346867007278   5.772625593132175   -4.83207809279171
  2.357547926044469  -0.733149458248651 -0.8116090595338853  0.6321995496086827 -0.4449956186981075

-5.465708363363763e-08 -2.813097990661462e-07   6.11276143828492e-07   -0.02051988279088236   -0.08521223757199799
 4.088990972210842e-08 -2.198440729702773e-08  3.505348020177249e-07  -0.007748941272269756     0.1160327076941988

cov:
0.05621324160513996 0.05794813191042217 0.05994944497167722 0.06112081121526921 0.06279501117932446
0.05794813191042217 0.06042914813404933 0.06328900528110959 0.06496534890203856 0.06735877048994465
0.05994944497167722 0.06328900528110959 0.06713698447509966 0.06939447573826923 0.07261562349607872
0.06112081121526921 0.06496534890203856 0.06939447573826923 0.07199410374745437 0.07570225416522768
0.06279501117932446 0.06735877048994465 0.07261562349607872 0.07570225416522768 0.08010400338545416

cov.inverse():
  6239675.51441454 -10789683.34004047  4345691.125663763 -695034.4922118749  898955.2857054347
-10789683.34093764  21725864.76098965 -10093859.58534987 -3290921.309988854  2449475.785359971
  4345691.12583857 -10093859.58493799   10377365.9793429 -5531322.667146942    901290.05843189
 -695034.489911397 -3290921.314218934 -5531322.665266643  21682210.08885345 -12164368.59161918
 898955.2841273282  2449475.788280925  901290.0571382944 -12164368.59166832  7914458.355164018

cov*(cov_.inverse()):
    0.9999999999126885 -1.455191522836685e-10 -1.236912794411182e-10 -1.164153218269348e-10  5.820766091346741e-11
-1.527951098978519e-10     0.9999999999126885 -1.455191522836685e-10  1.164153218269348e-10  1.164153218269348e-10
 3.637978807091713e-11 -2.328306436538696e-10                      1 -1.164153218269348e-10                      0
 -2.91038304567337e-11                      0 -1.600710675120354e-10     0.9999999997671694                      0
-1.455191522836685e-11  -2.91038304567337e-11 -1.455191522836685e-11                      0                      1
