5
2

8.695259244637106e-05
0.0001439707800767826
0.0005300547803841051
   0.0648204444963721
   0.5579449967105046

 0.01037172002455249   0.1104151743198603  -0.5540415322247598   0.7583305793055667  -0.3250748064119558
-0.05870735645523198   0.6312512959203795  -0.5798848720014249  -0.3581129621294435   0.3654639370384527
  0.4969504315689156  -0.5976483766901146  -0.3934677734691135 0.003207591414338279   0.4909475623747581
 -0.7620700796196874  -0.2007672556750847  0.02247996157499357   0.2888974586142309   0.5431156529975587
  0.4107740693297025    0.437994540567714   0.4488310131472378   0.4617551392334648   0.4740868690734871

0.0000514644930327
-0.0001170555142349
-0.0002545249787370
-0.0004278145783045
-0.0005837373662176

0.00280400755121812
0.0006011091010831

-0.4228235859379743  0.4569731407141355    5.90980910236377   6.664689429237688  -12.60871815148482
   1.26944990282274 -0.2093409309404571  0.4621593585491728  0.6068850268972042  -1.129196639220936

 4.479448515839485e-08 -2.095240644819069e-07  -2.52227098157377e-06   -0.01915656411822023     -0.068860367706394
 4.243770228357735e-09  -2.28974744967253e-08  6.094383029987433e-09  -0.005684670165223341     0.1189466611578084

cov:
0.05496795641195995 0.05665134002013437 0.05732225072774751 0.05812191503708724 0.05888490051726028
0.05665134002013437 0.05988951921145097 0.06117868625590326 0.06271607372894182 0.06418296879650434
0.05732225072774751 0.06117868625590326 0.06271386412774879 0.06454476450110878 0.06629173559265911
0.05812191503708724 0.06271607372894182 0.06454476450110878 0.06672594968893526 0.06880715493725972
0.05888490051726028 0.06418296879650434 0.06629173559265911 0.06880715493725972 0.07120732918530616

cov.inverse():
 1059636.523709672 -2693512.049838592    186442.08635364  2060181.398279382 -612770.9337885495
-2693512.049186226  22108324.14162775 -24914283.72771517  161412.4334352843  5338412.406762705
 186442.0844302768 -24914283.71283071   57373566.2293888 -45555164.55124652  12909093.26377417
 2060181.400309484  161412.4063015935 -45555164.51756767  82246472.77069212 -38912965.98034718
-612770.9345476617  5338412.419664357  12909093.24305615 -38912965.97177152   21278330.4440734

cov*(cov_.inverse()):
     1.000000000007276  5.820766091346741e-11 -6.984919309616089e-10 -4.656612873077393e-10                      0
                     0     0.9999999998835847 -8.149072527885437e-10  1.396983861923218e-09 -4.656612873077393e-10
 2.182787284255028e-11 -1.746229827404022e-10      1.000000000349246 -4.656612873077393e-10                      0
  2.91038304567337e-11 -1.746229827404022e-10 -8.149072527885437e-10      1.000000000931323                      0
                     0  5.820766091346741e-11                      0                      0                      1
