5
2

0.0001889221698999414
0.0002130709021182203
0.0006511828363158733
    0.101111390636158
   0.5835813150248454

 -0.03774490871824672   0.05822845806478555   -0.3710301463158684    0.8061728663023506   -0.4556387919173762
  -0.2104811502599166    0.7484104679178593   -0.5564849527685859   -0.1977674880618373    0.2163145277231503
   0.5181410192399908   -0.4161590234676958   -0.5928529524310978   0.03764525839188232    0.4532656645739859
  -0.7352954075709494   -0.2917773461323616 -0.007052519853750437    0.2883079412798165    0.5394770030758808
   0.3809771056600764    0.4221005397446666    0.4484827383795428    0.4758515480894913    0.4991153342330345

-0.0000991939870328
0.0000705157166625
0.0001432971432623
0.0002435624716969
0.0002791017577997

-0.0004552412063184687
0.0000246622832559

  0.7654736524617126    4.588177965724367   -5.667436433539668    4.370964387166804   -4.057603456750618
   1.383699218425604 -0.03407484881499639  -0.3667638326679749   0.4037433568398242  -0.3867417699168565

 2.753111192497645e-07  2.126686244312227e-07  7.316447379123803e-08   -0.02852775241218494   -0.08811460330364432
 2.082854628500511e-08 -1.253704592512364e-08  3.343425893536293e-07    -0.0112165709861229      0.118306427088607

cov:
 0.0549586808899495 0.05696010208847501 0.05824275879190664 0.05957363459819897 0.06070404628372278
0.05696010208847501  0.0615489307889125 0.06449212100861297 0.06754533153311824  0.0701402874458118
0.05824275879190664 0.06449212100861297 0.06850125212903513 0.07266004366273524 0.07619511128783535
0.05957363459819897 0.06754533153311824 0.07266004366273524 0.07796603831673896 0.08247644614616886
0.06070404628372278  0.0701402874458118 0.07619511128783535 0.08247644614616886 0.08781626756775153

cov.inverse():
 1648934.441711143 -4039871.723340399  2247950.551692897  110323.0004762617  32782.98961372579
-4039871.723275114  12841050.90186815 -9197184.211754942 -1981952.356730673  2377764.688178364
 2247950.551397809 -9197184.211097881  11507064.69084403 -6009009.475816466  1451361.179218828
 110323.0009022836 -1981952.357829051 -6009009.475139549  19074048.00799325 -11193653.74240359
 32782.98941750042  2377764.688684975  1451361.178903894 -11193653.74239906  7331898.889597871

cov*(cov_.inverse()):
      1.00000000003115   2.91038304567337e-11  1.455191522836685e-11                      0                      0
 2.819433575496078e-11     0.9999999999417923  7.275957614183426e-11  2.328306436538696e-10 -1.164153218269348e-10
-3.365130396559834e-11  1.746229827404022e-10     0.9999999998835847  1.164153218269348e-10 -2.328306436538696e-10
-7.275957614183426e-12 -8.731149137020111e-11 -5.820766091346741e-11      1.000000000232831 -1.164153218269348e-10
 1.818989403545856e-12  -2.91038304567337e-11  1.455191522836685e-11  1.164153218269348e-10                      1
