5
2

0.0001487721082280476
0.0003512834532134654
 0.000684863733169981
   0.1127760660476111
   0.5705370890543423

  -0.2464335132904623    0.7423340056615469    -0.611092110168385     0.121403636598245 -0.006191726453345768
  -0.5853975462988692    0.3498806618911894    0.5719805474705467   -0.4431231812583457    0.1066458380276664
   0.3219763110668589  -0.01428617422131647    -0.282885092577878   -0.6510529400946503    0.6262852815843695
  -0.5815290016663797   -0.3965835599834091   -0.1813277877071006    0.3615751889122975    0.5838913566238803
   0.3933643497411327    0.4111461195853239    0.4318575505970663    0.4840417907674427    0.5053968316932902

0.0006565467611312
0.0007903390779564
0.0009124085050295
0.0011695213420111
0.0012976145081854

-0.0009907619158606592
0.0007153644286537

0.08530563819438049 -0.1511138035449185   4.470900578293335  -3.848231997235096 -0.5570423139720916
  1.422870699269793 -0.2912236611422885  0.2486196204640074 -0.3199162551124337 -0.0602816340423506

-7.368280525501034e-08  5.059764468378459e-07  4.321763582334882e-07   -0.03201300764650212   -0.07877860307479949
 -1.67597336608933e-08  -8.11107924815512e-08  2.638290271030131e-07    -0.0115470651741524      0.117842192622037

cov:
0.05466951759242922 0.05557837848123483 0.05663826294551148 0.05930482212923449 0.06039510107130344
0.05557837848123483 0.05702537818479146 0.05871151115425878 0.06295710554742168 0.06469378673695488
0.05663826294551148 0.05871151115425878 0.06112666713415852 0.06721039065490779 0.06969954083280562
0.05930482212923449 0.06295710554742168 0.06721039065490779 0.07792943060445325 0.08231610571943929
0.06039510107130344 0.06469378673695488 0.06969954083280562 0.08231610571943929   0.087480632115483

cov.inverse():
 5741944.013375769 -9934838.884104481  3896386.909438503  303468.6232023818 -7083.565232969136
-9934838.882756427  25889973.58171032 -18865331.84838209  2835231.024922763  75616.27613816847
 3896386.907486139 -18865331.84586085  19693990.09295178 -5013228.590470009  287543.2134344061
 303468.6239773218  2835231.023311205 -5013228.589585374  3160860.548271001 -1286225.841538528
  -7083.5654035443  75616.27657647972  287543.2131186294 -1286225.841490477  930175.9696207751

cov*(cov_.inverse()):
     1.000000000022283 -1.318767317570746e-10  4.365574568510056e-11  -2.91038304567337e-11                      0
-5.911715561524034e-11      1.000000000190084 -2.401066012680531e-10  8.731149137020111e-11 -7.275957614183426e-12
 -5.53086465515662e-11 -9.458744898438454e-11     0.9999999998835847                      0  7.275957614183426e-12
-3.501554601825774e-11 -8.913048077374697e-11 -1.346052158623934e-10      1.000000000029104                      0
-4.899902705801651e-11  6.184563972055912e-11  1.091393642127514e-11                      0                      1
