5
2

0.0001292917029125932
0.0002046798763471341
0.0003584911434378197
  0.06830270133094404
   0.5811498188876532

-0.07660611914423952   0.3014594703551692  -0.6812062747420159   0.6374905292163575  -0.1811560836803259
 -0.1863028819115139   0.6440847602950989  -0.3096285589169209  -0.5450519412411577   0.3968558864365581
  0.5724586778643254  -0.4489262974870687  -0.4877676605625942  -0.1063867607393914   0.4706599706912134
 -0.6831490231468395  -0.3312539433053049  0.01921908126985967   0.2640428729438586   0.5945504397281198
  0.4062280308059386   0.4278002030831963   0.4492232217723974    0.464206230996124    0.484434562510053

0.0008677307061090
0.0008721443158268
0.0009530463625909
0.0009504420789645
0.0009340674114302

0.0001999477317608646
0.0010055250328529

  4.384017105912848  -3.282476035812613  -1.375560217108371   7.183543902675336  -6.908911506205814
  2.715835930682847  -1.458813937739009 -0.5311350800000404    0.92931582296339 -0.6549523277653506

 9.098199410729888e-08 -3.838432771088534e-07  8.202272660163468e-08   -0.01933737580487414   -0.08562819643474852
 7.105587375619143e-09 -8.578019093172561e-08  2.649416396360091e-07   -0.00712064872388711     0.1197886401957539

cov:
0.05791074332584479 0.05974879542098319  0.0615710041599828 0.06284639345738446 0.06456835569912921
0.05974879542098319 0.06232188051882832 0.06487550137511311 0.06666192490228329 0.06907380436395708
 0.0615710041599828 0.06487550137511311 0.06815721877990159 0.07045233331139231 0.07355093941654181
0.06284639345738446 0.06666192490228329 0.07045233331139231 0.07310294578166239 0.07668140866087772
0.06456835569912921 0.06907380436395708 0.07355093941654181 0.07668140866087772 0.08090776972211505

cov.inverse():
 3729605.581678166  -6245399.11399674  2325989.333494112 -971499.8994161082  1161770.462001453
-6245399.114196195  16906951.42938301 -15341193.32393573  3488252.586811456  1190278.202200838
 2325989.334422286 -15341193.32658577  31899443.61889729 -21546176.38453408  2662864.048530133
-971499.9004731486  3488252.590653577  -21546176.3883695  31490564.54095764 -12461325.57693898
 1161770.462329779  1190278.200809326  2662864.050643497 -12461325.57798907  7446332.987227899

cov*(cov_.inverse()):
                     1  2.037268131971359e-10 -5.820766091346741e-11 -2.328306436538696e-10                      0
  1.01863406598568e-10     0.9999999999854481  3.783497959375381e-10 -1.164153218269348e-10  5.820766091346741e-11
 7.275957614183426e-11  2.037268131971359e-10                      1 -3.492459654808044e-10                      0
  2.91038304567337e-11  5.820766091346741e-11  -2.91038304567337e-11     0.9999999997671694                      0
                     0  1.455191522836685e-11  1.455191522836685e-10                      0                      1
