5
2

  0.00013089053734355
 0.000168246696263195
0.0003185428829604548
  0.03712110118677023
   0.5422549736749976

 0.02299005323085941   0.1271062095654025  -0.6108402227856824   0.7323914654827184  -0.2716476255327338
 -0.2807943605425257   0.7666232588895215  -0.3838508459365804  -0.3517404095553698   0.2497609224372711
  0.6109445102691888  -0.2968526705094341  -0.5265763202929509   -0.239282491336988   0.4517594112242252
 -0.5988615986410735  -0.3381912455854956 -0.05705977439658387   0.2777654605953726   0.6682679089470334
  0.4344393807943233   0.4400431386128799   0.4460877843580304   0.4532898231967066    0.461690898120823

0.0013879175196007
0.0013067619545394
0.0012214733094685
0.0011190391666292
0.0010002465961598

0.002522672961453626
0.0017790329278469

 -5.695929031022763   4.113189737939955   9.661354490102973   11.10389181415622  -19.18232630491135
  1.392549756218221  0.5845717558013981 0.08883674861292157  0.3365329013019281  -1.402538623662785

 1.342069392075054e-07 -2.166203673940179e-07 -2.142135396409619e-06   -0.01139021552124936    -0.0522707025970008
 1.164180637002564e-08 -1.261486342901689e-08 -8.490652835582342e-09  -0.002591290998208873     0.1196309051224159

cov:
0.05599071376688961 0.05649137905447409 0.05703153889081988 0.05767526177252982 0.05842622662162465
0.05649137905447409 0.05709502483888421 0.05774611209240384 0.05852194728226195 0.05942697475084768
0.05703153889081988 0.05774611209240384 0.05851690328476618 0.05943522321311046 0.06050643720582456
0.05767526177252982 0.05852194728226195 0.05943522321311046 0.06052331621353379 0.06179248915534021
0.05842622662162465 0.05942697475084768 0.06050643720582456 0.06179248915534021 0.06329262143336895

cov.inverse():
 6494960.744326988 -9221242.066848319 -182507.0471862235  3031105.825142141 -122324.7091336791
-9221242.066422785  22573629.40263058 -13386987.22355439 -3392377.826213175  3426975.231910102
-182507.0476777343  -13386987.2227074  29716845.82548504 -20101405.19704212  3954121.995331302
 3031105.824958312 -3392377.826405545 -20101405.19645394  36244091.32658682 -15781389.84865296
-122324.7088838887  3426975.231681048  3954121.995098586 -15781389.84844099  8522553.107253339

cov*(cov_.inverse()):
    0.9999999999909051                      0  1.746229827404022e-10 -1.164153218269348e-10                      0
   1.2732925824821e-11      1.000000000174623  1.455191522836685e-10  1.164153218269348e-10  1.164153218269348e-10
-3.183231456205249e-11  1.164153218269348e-10      0.999999999825377  2.328306436538696e-10  1.164153218269348e-10
-5.456968210637569e-11  1.164153218269348e-10  1.455191522836685e-10      1.000000000116415                      0
   1.2732925824821e-11   2.91038304567337e-11 -5.820766091346741e-11 -1.164153218269348e-10                      1
