5
2

0.0001082598114626666
0.0001944884174019622
0.0005491022214594615
  0.08362284986696689
   0.5766297993890285

-0.02430072746976533   0.2426876593491897  -0.6976784472986278   0.6512844331971817  -0.1720044938193578
-0.05576161455791403   0.5520433211993816  -0.4254533462849716  -0.5397229904898764   0.4688575023742678
  0.4958366281776649  -0.6293884424942658  -0.3526564899917626 0.002908130248164702   0.4833644271739453
 -0.7725682120009375  -0.2325717249036615  0.05585102589489465   0.2573416201231073   0.5288711601514235
  0.3918986003412284   0.4314295455213356   0.4524912123821563    0.467219984528236   0.4870741453579745

0.0007441966378934
0.0007561894290321
0.0007899800210621
0.0007576195612995
0.0007125650317857

0.0005498790672982567
0.0009877106957642

  1.578054239465895  -1.341597979901768   1.856852735719298   5.510083882611674  -7.603145832387712
  1.460374631845908 -0.4473874779901467 0.04843854777448751  0.5921559978983755 -0.6534527773756965

 3.793805515079749e-08 -3.085570873290741e-07 -8.101823835401744e-07   -0.02382119034974781    -0.0828038407655772
 3.752811788613019e-09 -3.687990805248002e-08  2.033621879293049e-07  -0.008494060776653026     0.1195702786938403

cov:
0.05524094330511854 0.05747465694909811 0.05866100893644983 0.05949179178788091 0.06061208736152842
0.05747465694909811 0.06226743487806634 0.06481961111132901 0.06660471564090011 0.06901115070405946
0.05866100893644983 0.06481961111132901 0.06810106598948144 0.07039571756847027 0.07348884580091931
0.05949179178788091 0.06660471564090011 0.07039571756847027 0.07304645710533378  0.0766194317313305
0.06061208736152842 0.06901115070405946 0.07348884580091931  0.0766194317313305  0.0808391563444852

cov.inverse():
 948073.4816248398 -2351995.842619154  1493815.951182615 -549979.7772150086  460291.2306615495
-2351995.842887057  14395831.22268518 -19919776.71092478  5603020.456374502  2272013.508563542
 1493815.952057309 -19919776.71353802  46729208.61074565 -32702359.70880468   4400145.14047321
 -549979.777987491  5603020.459642936 -32702359.71194082  43892689.65321722 -16243486.38157965
 460291.2308272382   2272013.50764049  4400145.141870589 -16243486.38221962  9110840.124283936

cov*(cov_.inverse()):
     1.000000000003638 -1.164153218269348e-10   2.91038304567337e-10  5.820766091346741e-10  1.164153218269348e-10
-3.637978807091713e-12     0.9999999999708962                      0                      0  1.164153218269348e-10
 2.182787284255028e-11 -2.328306436538696e-10      1.000000000698492                      0  2.328306436538696e-10
                     0  1.164153218269348e-10 -1.746229827404022e-10      1.000000000698492                      0
                     0  5.820766091346741e-11                      0                      0                      1
