5
2

0.0001367833006805008
0.0001707393918648167
0.0005267641022439364
  0.05848235055033708
   0.5459031360047081

0.01851641839801333  0.1561003780877211  -0.517539394080021  0.7409522460062108 -0.3980358764285152
 -0.173855223586316  0.7343516091234302 -0.4875191666855087 -0.3448414838096026  0.2718666742501522
 0.6446766456968013 -0.3875355262750271 -0.5308246796440769 -0.1029187231061472  0.3766180217180557
-0.6110068770715462 -0.3099353025896236 -0.1292020552692643  0.3317164511405366  0.6355168993322532
 0.4248459981521059  0.4360237496078794  0.4427301955870108  0.4598326354873817  0.4710977487615944

0.0003234248959038
0.0006057298784754
0.0006643360138135
0.0008121299607882
0.0009059252199856

-0.001679632302455764
0.0002946614004272

   -2.06910227996165    1.347744822171507    3.026861828484685    13.60844787208968   -15.91421279637276
   1.142163007109507 -0.03706292678051315   0.2388427870235769    1.125225969895198   -1.469203441385858

  2.81078919944739e-07 -2.666094106846887e-07 -3.012626361649839e-06   -0.01759398014968667   -0.05687802909315676
 2.451504042979392e-08 -3.293238414107102e-08 -1.255042339637604e-08  -0.004369933072120317      0.119234839234363

cov:
0.05506606751754665  0.0558519098036186 0.05632329437205504 0.05752547656599198 0.05831694837923073
 0.0558519098036186 0.05698532576365739 0.05766516177002704 0.05939881536252917 0.06054051783982785
0.05632329437205504 0.05766516177002704 0.05847017758595333 0.06052288669751699 0.06187486840792971
0.05752547656599198 0.05939881536252917 0.06052288669751699 0.06338944712975941  0.0652777955930523
0.05831694837923073 0.06054051783982785 0.06187486840792971  0.0652777955930523 0.06751972657078124

cov.inverse():
 2553058.139723581 -5125324.223309614   1162000.95322192  2550679.314427639 -1140380.153460327
-5125324.222899397   20342337.6270551 -15857457.49076831 -2361030.192506417  3001471.810282799
 1162000.952464118 -15857457.48810134  23484419.91326418 -14532131.75552358  5743276.707190366
 2550679.315058515 -2361030.197536321 -14532131.75033336  33461033.29028078 -19118836.23399092
-1140380.153743622  3001471.813055979  5743276.703909277 -19118836.23319972  11514632.32337927

cov*(cov_.inverse()):
    0.9999999999854481  1.746229827404022e-10                      0  2.328306436538696e-10 -2.328306436538696e-10
-1.455191522836685e-11     0.9999999999126885                      0  4.656612873077393e-10 -1.164153218269348e-10
 -2.91038304567337e-11                      0      1.000000000058208                      0 -1.164153218269348e-10
                     0   2.91038304567337e-11  5.820766091346741e-11      1.000000000232831 -1.164153218269348e-10
                     0 -5.820766091346741e-11                      0                      0                      1
