5
2

0.0001425544919462242
0.0001890569909902761
0.0005931924830394164
  0.05764874537428998
   0.5455001890567526

-0.007501354246441355    0.2816098728650991   -0.7538579062099966    0.5843000746161194   -0.1045528059769286
  -0.1711903282112844    0.7338416413548212   -0.2064766689190409   -0.5818869944648022    0.2257104955587805
    0.642520385965219   -0.3456147273692336   -0.4306910760918835   -0.3027371691925438    0.4365471534767996
   -0.614092488783604   -0.2665877459346271  -0.07600558326779999    0.1519392472013462    0.7231590457216616
   0.4250830154805617    0.4377827758849696    0.4447403632724532    0.4530624901991882    0.4739103927317909

0.0001786256880917
0.0003857130226905
0.0003984995208438
0.0004153366183506
0.0004496221897382

-0.0003960606315779266
0.0003135890531355

 -0.9279668964568807  -0.1769450743998546   -2.195008671243555    14.70572241954755   -11.40568298701079
   1.198878366969728 -0.04212909608580467  -0.4070808820386991    1.362962311703932   -1.112631081141561

 2.316054736592675e-07 -3.806303629543389e-07 -3.174214733116588e-06   -0.01738088269163487   -0.05677522613049484
  2.43603645257647e-08  -4.27596052742686e-08   2.17653882748411e-08  -0.004292383239179558     0.1191334646564071

cov:
0.05502308717764919 0.05592006914238486 0.05641118421093346 0.05699869513512772 0.05847017297008676
0.05592006914238486 0.05726674858723321 0.05800425132046029 0.05888641450789279 0.06109613890838551
0.05641118421093346 0.05800425132046029 0.05887692506038058  0.0599206736860038 0.06253532344814434
0.05699869513512772 0.05888641450789279  0.0599206736860038 0.06115775745029035 0.06425676480318197
0.05847017297008676 0.06109613890838551 0.06253532344814434 0.06425676480318197 0.06856972377027999

cov.inverse():
 1996034.190409132 -4249748.820773047  480780.8217849697  2018469.723952401 -245463.1238775316
-4249748.820785406  19308642.45995619 -14262820.21785159 -3552610.162906292  2756455.001619517
 480780.8219225209 -14262820.21767768  29685080.77454591 -17943253.10568652  2040276.182098822
 2018469.723781391 -3552610.163178636 -17943253.10506306  26533591.03100933 -7056249.681197278
-245463.1238317101  2756455.001705579  2040276.181786831  -7056249.68101717  2504997.094618777

cov*(cov_.inverse()):
     1.000000000010914 -1.164153218269348e-10  5.820766091346741e-11  2.328306436538696e-10 -5.820766091346741e-11
-2.546585164964199e-11     0.9999999998835847  7.275957614183426e-11 -5.820766091346741e-11                      0
-1.818989403545856e-12  8.731149137020111e-11      1.000000000189175  -2.91038304567337e-10                      0
-3.092281986027956e-11                      0  1.455191522836685e-10     0.9999999998835847   2.91038304567337e-11
                     0                      0 -5.820766091346741e-11  1.164153218269348e-10     0.9999999999708962
