5
2

0.0001573859654194053
0.0002117253888081814
0.0005091183277428547
  0.04393990215559733
   0.5961897976245686

0.06791778596730709  0.1171667360142025 -0.7228869194492609  0.6654354410966311 -0.1276295645325478
 -0.335308581903996  0.8177304947813221 -0.2586227550238823 -0.3638497274449803   0.140045132826155
 0.6382025574453082 -0.1499271554451811 -0.4492339908063206 -0.4482713467690557  0.4092199468506736
-0.5349842942022617 -0.3184130831848073 -0.1035516047068304  0.1443517813622083  0.7621315777435358
 0.4352523749251767  0.4401406029819719  0.4449883806796334  0.4505823037516676   0.464534765474682

0.0033267612318005
0.0034802656115983
0.0034447849690737
0.0034076054321366
0.0033148365640941

0.001052430131654641
0.0036439458382617

 -5.387612291498784  0.8960650831027542   6.405916497071773    11.9722788233121  -13.88672327378892
 0.8226168619808447 0.09204226498733928  0.4056740035158157   1.076489891160674  -1.396848586629307

 1.200731475423562e-07 -2.428914763316154e-07  -4.53603653052281e-06   -0.01336376122014183   -0.05558647144365114
 1.654688278736522e-08 -4.002138449172305e-08 -1.879790967325668e-07  -0.002742758170500741     0.1475939437658177

cov:
0.06788932737432576 0.06842172642880892 0.06894974638892884 0.06955911009598978 0.07107968173508396
0.06842172642880892 0.06905339585533005  0.0696796848261286 0.07040242158591731 0.07220540206184974
0.06894974638892884  0.0696796848261286 0.07040355199903936 0.07123874310856235 0.07332196827979788
0.06955911009598978 0.07040242158591731 0.07123874310856235 0.07220375914153168 0.07461038521992119
0.07107968173508396 0.07220540206184974 0.07332196827979788 0.07461038521992119 0.07782328422229447

cov.inverse():
 4265838.692797731 -6164385.139501104 -1153666.458355428  3442367.965114973 -390112.7270563596
-6164385.139676952  15557747.04293053 -7877187.856645683 -3230366.101238102  1714126.204209769
-1153666.457761841 -7877187.857487932  23367076.96889248 -16543719.47963915   2207449.47699133
  3442367.96459081 -3230366.100427125 -16543719.47986608  21604893.96452729 -5273022.421850079
-390112.7269499359  1714126.204065198  2207449.476969585 -5273022.421790184  1741491.787591879

cov*(cov_.inverse()):
    0.9999999999527063  5.820766091346741e-11 -8.731149137020111e-11  1.164153218269348e-10  1.455191522836685e-11
-6.548361852765083e-11      1.000000000174623 -2.037268131971359e-10 -1.164153218269348e-10 -1.455191522836685e-11
-8.003553375601768e-11   1.01863406598568e-10      1.000000000058208 -5.820766091346741e-11 -1.455191522836685e-11
-8.003553375601768e-11 -8.731149137020111e-11   2.91038304567337e-11      1.000000000058208  1.455191522836685e-11
-6.548361852765083e-11                      0  2.037268131971359e-10 -5.820766091346741e-11     0.9999999999708962
