5
2

0.0001491278201675284
0.0002490199704955175
 0.000435033856451878
  0.07641429348591547
   0.5505405486779951

 -0.1426131055619149   0.5582396811938301   -0.717803431018714   0.3825360787318031 -0.08033892797924957
 -0.3435325770995075   0.5439517787629242  0.09601011265450783  -0.6644256014813053   0.3679979744730884
   0.522733434537625  -0.2777362424640298  -0.5248440937216211  -0.2693092657042381   0.5492026335787497
 -0.6475545319158054  -0.3644171459123651 -0.03328831792937707   0.3477963489142797   0.5707914326018901
   0.411180927579524   0.4272559468378518   0.4460614956043553   0.4676697420749412   0.4803090204996122

-0.0002530900333345
-0.0001513692446613
-0.0000705645128476
0.0000006755211462
0.0000838677041765

-0.0005281034461444955
-0.0001305573784014

 0.1563837317078433    2.35587914524143   3.950148857201921  -4.066065400488863  -2.396933359688764
  1.373730390498185 0.08578316502440322  0.1090284386174229 -0.4395948201690365 -0.1289026181522973

-6.461432819621713e-08  2.124834392033883e-07 -5.426211678052251e-07    -0.0226184816393503   -0.06667171798953538
-8.541826481284118e-09 -1.055111608938497e-08  1.295711860813401e-07  -0.006720396967362793     0.1159756870219823

cov:
0.05369274940273377 0.05462543896111235 0.05571705171858946 0.05696911344626991 0.05770118617640709
0.05462543896111235 0.05610473655216865 0.05783541633875265 0.05982273524309091  0.0609849887029047
0.05571705171858946 0.05783541633875265 0.06031358600722109 0.06316087759436492 0.06482628242376268
0.05696911344626991 0.05982273524309091 0.06316087759436492   0.066997757055164 0.06924213102595539
0.05770118617640709  0.0609849887029047 0.06482628242376268 0.06924213102595539 0.07182548447484044

cov.inverse():
 4261560.346838555 -7360340.471683782  2621536.875327927  483847.6041182979 -6598.431301839857
-7360340.471634022  19191854.30029587 -16405681.79756245  4169255.736694455  405379.3435478074
 2621536.875274901 -16405681.79776796  24772434.93373639 -12628838.11922074  1639770.801003284
 483847.6040532793  4169255.737523026 -12628838.12037231  14082360.56955776 -6106364.989787339
  -6598.4312335438  405379.3429744964  1639770.801896335 -6106364.990175406  4067875.969396279

cov*(cov_.inverse()):
    0.9999999999338911 -5.820766091346741e-11  -2.91038304567337e-11                      0                      0
-5.968558980384842e-12     0.9999999999454303 -1.455191522836685e-11                      0   2.91038304567337e-11
-5.900346877751872e-11 -3.637978807091713e-12     0.9999999998690328  1.164153218269348e-10 -1.164153218269348e-10
-3.819877747446299e-11 -1.818989403545856e-10 -7.275957614183426e-11     0.9999999999417923                      0
-4.320099833421409e-11   2.91038304567337e-11 -1.455191522836685e-11 -5.820766091346741e-11                      1
