5
2

0.0001734676725925212
 0.000222229377542739
0.0005246914836197493
   0.1124163897714461
   0.5719594055681582

 -0.242029396111588  0.6650045296005416 -0.5890576206631828  0.3461242670334059 -0.1799996064935685
-0.2431984440320187   0.437445662856009 0.02515334269871158 -0.7116964190223855  0.4922919107304791
 0.6216609764119865 -0.2018344484765612 -0.6589685050380157 -0.1148614211687821  0.3540732256323658
-0.5840099131866741 -0.3954819310879065 -0.1765492465399092  0.3562185368225144   0.586911561526003
 0.3933781131995702  0.4114209100791694  0.4323994701706562  0.4833232943614607  0.5053867688502489

0.0002284211806793
0.0003188008301589
0.0003862534247656
0.0005468504567923
0.0005746984444893

-0.0003888096510407017
0.0003588053089508

 0.7553469494366535   2.911400867982906  -2.047897899884345   1.666379516374471   -3.28516446770805
  1.523051399570674 -0.1198630220387834 -0.2596609166825365  0.1559078124789349  -0.299549092617829

 1.242070946171978e-07 -8.715856195685804e-08 -3.390128546802236e-08   -0.03242120571355796   -0.08029278456089076
-5.641925090225022e-09 -3.396728641244503e-08  2.802985205037055e-07   -0.01158224446850737     0.1182633098248367

cov:
0.05493367405700841 0.05586401284376356 0.05694784426238253 0.05956922743994172 0.06070601298876541
0.05586401284376356 0.05735025331555128 0.05907957547981974 0.06327073834694373 0.06508730172387289
0.05694784426238253 0.05907957547981974 0.06155871606531516 0.06757330911008354 0.07017949753303709
0.05956922743994172 0.06327073834694373 0.06757330911008354 0.07802341304389047 0.08255038601763315
0.06070601298876541 0.06508730172387289 0.07017949753303709 0.08255038601763315 0.08790930460344386

cov.inverse():
 4548127.259232957 -7958716.886172416   3126048.91831843  461368.0440855158 -176976.9164400802
-7958716.885654424  18719188.81854833 -12312106.85141673  1429464.867654964  123025.3817403722
 3126048.917210728 -12312106.84933824  13121444.44096022 -6863229.232478832  2926853.909751326
 461368.0455457323  1429464.863405117 -6863229.229249999  14285455.83748025 -9312549.384682316
-176976.9173104989  123025.3844295448  2926853.907493297 -9312549.384242874  6439438.750830029

cov*(cov_.inverse()):
    0.9999999999217835 -4.001776687800884e-11                      0  1.164153218269348e-10  5.820766091346741e-11
-5.638867150992155e-11      0.999999999998181 -1.455191522836685e-10                      0 -5.820766091346741e-11
 -8.36735125631094e-11  5.638867150992155e-11     0.9999999999417923 -1.164153218269348e-10  5.820766091346741e-11
 -4.18367562815547e-11 -2.983142621815205e-10  -2.91038304567337e-11      1.000000000116415  1.164153218269348e-10
-1.455191522836685e-11  9.094947017729282e-12                      0                      0                      1
