5
2

0.0001287323158991912
0.0002385212960317012
0.0005603160745731771
  0.07538854104862257
   0.5548770200109716

-0.01433159175030321   0.1549957581595628  -0.6989398317450829   0.6862108443753396  -0.1279402559489544
 -0.2594963765331944   0.7790404237715483  -0.2933740384219127  -0.4402791343005991   0.2141112004905932
  0.6212856797149537  -0.2790575175320529  -0.4745480032657109  -0.3225360190922582    0.454868898777023
 -0.6116073955282828  -0.3253937685360638 -0.03856562547808234   0.1526532728642168   0.7037506376184234
  0.4152068568319703   0.4304859235667715   0.4457933044676478   0.4560004995974899   0.4854039654856918

0.0008544246999972
0.0009115678613043
0.0010417152225623
0.0010429369111256
0.0010345425772257

-5.715269972415232e-05
0.0010282900125325

  0.6015847794890612   -1.346698005508953   0.4278645746165139    7.586280203465827   -7.269442079908035
   1.588001006159323  -0.6148425127782684 0.001917687669371088   0.6604749963113422  -0.6358772127922208

 9.312534956703841e-08 -3.542869762753977e-07  -1.63475016265014e-06   -0.02218829759237049   -0.06418911826948605
 6.880407966868623e-09 -7.501674114095092e-08  2.056402301521186e-07   -0.00635360264820764     0.1194737828230021

cov:
0.05520506322342574 0.05616322179505375 0.05712303279383643 0.05776324331052017 0.05960661819344394
0.05616322179505375 0.05765914999373475 0.05915753659998415 0.06015676768235118 0.06303473712874054
0.05712303279383643 0.05915753659998415 0.06119573403615759  0.0625547703031559 0.06646962263028175
0.05776324331052017 0.06015676768235118  0.0625547703031559 0.06415373758018235 0.06875992986807192
0.05960661819344394 0.06303473712874054 0.06646962263028175 0.06875992986807192 0.07535864204271667

cov.inverse():
 2425535.484581624 -4239576.139857927   1003498.05672174  776466.9689981691  34112.19238742262
-4239576.139870454  12365287.37447863 -10132521.74114104  675874.3083506526  1330915.483161073
  1003498.05697829 -10132521.74077807  31708550.66516251 -26183694.57375956  3604355.349174973
 776466.9686759599  675874.3078319104 -26183694.57246947  32153088.83196284 -7421975.106450955
 34112.19246558662  1330915.483304354  3604355.348504379 -7421975.106001806  2452646.741740239

cov*(cov_.inverse()):
     1.000000000070258 -1.455191522836685e-11   2.91038304567337e-11  4.074536263942719e-10 -5.820766091346741e-11
 5.093170329928398e-11      1.000000000101863  1.455191522836685e-10                      0                      0
 4.320099833421409e-11   2.91038304567337e-11      1.000000000058208  1.164153218269348e-10   2.91038304567337e-11
 5.229594535194337e-11  4.365574568510056e-11  1.455191522836685e-10      1.000000000465661 -8.731149137020111e-11
 4.547473508864641e-12                      0                      0 -1.164153218269348e-10     0.9999999999708962
