5
2

8.945261231447869e-05
 0.000151783799980023
0.0004935246077405002
  0.06506260282030588
   0.5569132460878827

0.005681605300513657   0.1213793435354618  -0.5528999857008449   0.7555375220079887  -0.3296959705154778
-0.05524617040785923    0.623786012155865  -0.5807534309376416  -0.3616456894977212   0.3738672483861417
  0.5001578124669624  -0.6023342003912898  -0.3939001636077817   0.0147815072444247   0.4813105461348148
 -0.7605803040969075  -0.2044446086703161  0.02108448597426653   0.2908717931015259   0.5428342725313142
  0.4102137780043396    0.437668800608645   0.4488041486295853   0.4621153050129717   0.4745471086781979

0.0007419452736099
0.0008479533223596
0.0008191003938787
0.0007729740751906
0.0007372065379197

0.0006412399178469899
0.0010119542430146

0.3600047337887958 -1.063347332622926   4.45077333659626  10.04015267115969 -13.78767495953426
 1.366414327168112 -0.495058562392893 0.4776152579908555 0.9136129095938912 -1.262557056920567

 7.636567022396698e-08 -2.776977121535554e-07 -1.807350297144067e-06   -0.01916174148418738   -0.06928263677422747
 6.322429467567716e-09  -3.37306229782722e-08  4.854362099782372e-08  -0.005704584722329053     0.1182479808370041

cov:
0.05463985488998196 0.05634222924346365 0.05703286925944327 0.05785786165910491 0.05862837098357802
0.05634222924346365  0.0595879519944429 0.06090427767387012 0.06247764635345248 0.06394707115037987
0.05703286925944327 0.06090427767387012 0.06247442053762205 0.06435133402484516 0.06610425086502281
0.05785786165910491 0.06247764635345248 0.06435133402484516 0.06659136799898425 0.06868340142394484
0.05862837098357802 0.06394707115037987 0.06610425086502281 0.06868340142394484 0.07109218513949461

cov.inverse():
 1163713.954714008 -2646502.611224495  191203.2038976539  1433997.042729841   -142374.32341475
-2646502.611794735  20220420.41229033 -23137359.12264487  1632302.765848945  3931362.628322751
 191203.2054952763 -23137359.13932784  53480589.05055273 -43113020.83216288  12578190.67317007
  1433997.04111284  1632302.797445072 -43113020.87337664  77016712.55411705  -36969882.4959472
 -142374.322825127   3931362.61283935  12578190.69929871  -36969882.5071823  20602749.15511899

cov*(cov_.inverse()):
    0.9999999999818101                      0 -2.328306436538696e-10                      0  2.328306436538696e-10
  -1.2732925824821e-11     0.9999999998835847 -4.656612873077393e-10  9.313225746154785e-10                      0
-1.455191522836685e-11                      0     0.9999999990686774  9.313225746154785e-10 -4.656612873077393e-10
-1.818989403545856e-11  3.492459654808044e-10 -8.149072527885437e-10      1.000000001396984 -2.328306436538696e-10
-1.818989403545856e-12  5.820766091346741e-11 -1.164153218269348e-10  4.656612873077393e-10                      1
