5
2

0.0002427226090319636
 0.000274785167719656
0.0007375726378538395
   0.1102265134647874
    0.578639897178684

  0.3323226591258161  -0.5774953649599752  0.07900835134899582   0.6007724379746114  -0.4346158210056865
 -0.4154640859129069   0.5407797122077648  -0.3428906975371667    0.552462266163506   -0.334900448176766
  0.3945704853978338 -0.07597342378560104  -0.8187876981475672   0.1034289377954949   0.3967761725707766
 -0.6419127743797517  -0.4519947761331896  0.03183935754447286   0.3055150575311615   0.5378619872878958
  0.3862814591578362   0.4049508211386093   0.4525003984892745   0.4793964191394756   0.5022190054680878

0.0002278532080222
0.0003399328129873
0.0005267228205784
0.0006545009181692
0.0007108685765178

-0.0006560548892458831
0.0003286146427411

 -0.1425408224856623    3.941995204170994    -4.22895387095053    4.248928857980366   -3.819780712771338
   1.457717422094039 -0.09421986116507883    -0.41947071139008    0.429297330636551  -0.3735382809736472

  9.15999169012312e-08  5.487583703037706e-07  1.104755399517736e-06   -0.03136265105751238   -0.08497675211083643
 5.455213636451387e-08 -1.136228464691882e-08  4.471673762129215e-07   -0.01186134239223968     0.1183033155531284

cov:
 0.0549667239105588 0.05590000032235504 0.05827626772001021 0.05962063885130029 0.06076038722646927
0.05590000032235504 0.05738844860375426 0.06117847573281975 0.06332227490049801 0.06514073881230618
0.05827626772001021 0.06117847573281975 0.06857014498107902 0.07275054709543581 0.07629812232651703
0.05962063885130029 0.06332227490049801 0.07275054709543581 0.07808370562133918  0.0826094468648448
0.06076038722646927 0.06514073881230618 0.07629812232651703  0.0826094468648448 0.08796567019537888

cov.inverse():
 4446796.983197539 -6288155.970859826  1738503.839377434  423997.0110276982 -321087.9653426707
-6288155.970845778  9544470.570812764 -3115897.996262454 -1946677.151299139  1806250.279115697
 1738503.839506466  -3115897.99644544  2895433.582325558 -1858821.207136868  340812.2406408715
 423997.0106868439 -1946677.150829303 -1858821.207261249   10188198.5914998  -6806872.67801711
-321087.9651448953  1806250.278842892  340812.2407112997 -6806872.678012506   4981018.20013296

cov*(cov_.inverse()):
    0.9999999999745341 -1.455191522836685e-11 -4.365574568510056e-11                      0 -5.820766091346741e-11
 5.093170329928398e-11     0.9999999999854481  2.182787284255028e-11                      0                      0
 3.637978807091713e-12  5.820766091346741e-11     0.9999999999636202  5.820766091346741e-11 -5.820766091346741e-11
-7.639755494892597e-11  5.820766091346741e-11 -4.729372449219227e-11      1.000000000116415 -1.164153218269348e-10
-3.274180926382542e-11                      0 -3.637978807091713e-12                      0     0.9999999999417923
