5
2

0.0001865502881901367
0.0002563534845883093
0.0004810325302102195
  0.09207488849767556
   0.5709923530753513

-0.04979872639231485   0.1156592904875691  -0.5624614032268042   0.7700662440844303  -0.2734559653316211
 -0.3073350512539422   0.6641487133142873  -0.4539907994695176  -0.3075128963894184   0.4046972021461631
  0.5550224244602529  -0.4327221884918239  -0.5091767568370346 -0.09861503559332448   0.4855056343493407
 -0.6612193834447488  -0.4312520332588471   0.1001331058499669   0.2849248558316852   0.5344172512271557
  0.3972458790518143   0.4150934913050854   0.4563353101469589   0.4706662294663921    0.490024989368373

0.0009030327766170
0.0009285808839153
0.0009863783154214
0.0009657678455241
0.0009316532073849

0.0003758599246241882
0.0011231824746069

  1.267286372953961  0.6063984832618302  0.3814848573995073   3.473285723295506  -5.728551037666185
  1.613243480489391 -0.4059998733103238 -0.1260328320502955  0.4815238189944171 -0.5627125465158972

 1.403741338636827e-07 -2.330553502508727e-07 -6.657237194630899e-07    -0.0265615508925382   -0.07927588774552227
 1.629647139908301e-08 -7.123969840070291e-08  1.884826417586776e-07  -0.009052280801413962     0.1192322754573934

cov:
0.05515594903078808 0.05617821289973899 0.05854088712805402  0.0593611205929609 0.06046985884041961
0.05617821289973899 0.05775296643877906 0.06139156055315016 0.06265537989728728 0.06436308455086345
0.05854088712805402 0.06139156055315016 0.06797867201696646 0.07026761888205868 0.07335954205881548
 0.0593611205929609 0.06265537989728728 0.07026761888205868 0.07291312624034098 0.07648637508235007
0.06046985884041961 0.06436308455086345 0.07335954205881548 0.07648637508235007  0.0807096705459259

cov.inverse():
 2839894.729984111 -4309388.114532861  1706678.473292338  99633.19876652221 -336815.3423948454
 -4309388.11449353  7905639.404139082 -5505224.583284231 -364101.6413006399  2273164.063228979
 1706678.473445317 -5505224.583927804  13347348.93183979 -10104591.88815668  555557.0796034721
 99633.19834801106 -364101.6399919086 -10104591.88991452  18520789.83671863 -8151562.766731109
-336815.3421686428  2273164.062603155  555557.0808707221 -8151562.767598758  5659648.920096379

cov*(cov_.inverse()):
                     1 -8.731149137020111e-11 -2.182787284255028e-11  1.164153218269348e-10  5.820766091346741e-11
                     0     0.9999999999708962   2.91038304567337e-11 -1.164153218269348e-10  5.820766091346741e-11
-4.001776687800884e-11 -5.820766091346741e-11      1.000000000094587  2.328306436538696e-10                      0
 1.455191522836685e-11 -8.731149137020111e-11 -6.548361852765083e-11      1.000000000116415 -5.820766091346741e-11
-1.091393642127514e-11  -2.91038304567337e-11 -8.003553375601768e-11                      0                      1
