5
2

0.0001444920601792024
0.0002824470128875198
0.0006305101308185243
  0.08958557125690669
   0.5621371660827112

-0.005556750614264726    0.1400453261109336    -0.691438565537663    0.6951124553972269   -0.1381586537135869
  -0.3687069047999459    0.7877868032614115   -0.2519682672634092   -0.3716457884195765    0.2045447902105468
   0.5667359436830108    -0.197843530240082    -0.508120754649654   -0.3615087076230734    0.5007924327371873
  -0.6155509028176496   -0.3779396706577456  -0.01652427258207987    0.1870740875015389    0.6655741322982671
   0.4048849182836506    0.4216619524297935     0.447174406120692    0.4615331216714482     0.495269248924614

-0.0002920940552983
-0.0003317739617516
-0.0003241988894544
-0.0004041461402614
-0.0005812143830266

0.001083860803273346
0.0000213091920357

 0.4088468733967217  0.9851032719702872   5.074851474919975  -3.689920739007892  -2.779288914949754
  1.438854434015913 -0.1774593684651657  0.4939020658650836 -0.6107340629095483 -0.1446032877167189

-1.159600860109836e-07  1.192333564307189e-08 -1.033506051514944e-06   -0.02606662691128241   -0.07244472657770819
-1.626186674608186e-08 -4.765553602016012e-08  2.973491721717523e-07  -0.008324746394820084     0.1185345244023815

cov:
0.05484320385084202 0.05581566495196557 0.05729431694530795 0.05812564271119148   0.060078256344516
0.05581566495196557 0.05733052594584368 0.05963363550043716 0.06092928807178385 0.06397302636660572
0.05729431694530795 0.05963363550043716 0.06319087188276822 0.06519280112945956 0.06989629772615323
0.05812564271119148 0.06092928807178385 0.06519280112945956 0.06759260886966359 0.07323106410032114
  0.060078256344516 0.06397302636660572 0.06989629772615323 0.07323106410032114 0.08106705571710582

cov.inverse():
 2513537.925798539 -3960249.909384091  624192.4049569389  1017271.038430386 -194707.7345384593
-3960249.909575823  8817227.665760208 -6873334.844027157  1172601.411011772  843869.0691846447
 624192.4061013832 -6873334.846458409  24344425.06310077 -21384932.89350644  3289423.144099508
 1017271.037217115  1172601.413964185  -21384932.8957444  25203228.26650356 -6008141.225741417
-194707.7342779076   843869.068471764  3289423.145050695 -6008141.226240288  2069618.999846324

cov*(cov_.inverse()):
     1.000000000009095 -8.003553375601768e-11 -2.328306436538696e-10 -1.164153218269348e-10  4.365574568510056e-11
-1.637090463191271e-11     0.9999999999781721  5.820766091346741e-11  -2.91038304567337e-10  1.164153218269348e-10
-5.456968210637569e-12 -2.182787284255028e-11     0.9999999998544808  -2.91038304567337e-10   2.91038304567337e-11
-1.637090463191271e-11 -7.275957614183426e-12 -3.201421350240707e-10     0.9999999998835847                      0
 9.094947017729282e-12  1.455191522836685e-11 -1.164153218269348e-10  5.820766091346741e-11      1.000000000029104
