5
2

0.0001064672766402316
0.0003290299531441496
0.0007478471583643231
   0.1011092914413215
   0.5828675075566151

-0.04095001627231648   0.4803197089344526  -0.7936706718045252   0.3707187514907426 -0.01644826394846356
 -0.4175585215440331   0.6844941029963152   0.1719684113520335  -0.5594695037126733   0.1205547342985087
  0.3788138149681695  -0.1886441590388075  -0.3738469422733895  -0.4844621743662765   0.6681678982194064
 -0.7317616613099303  -0.2957707097321895 -0.01421316892367519    0.295819270641563   0.5378972980483241
  0.3807793874140907   0.4215375056830062   0.4478282927600657   0.4768111181946507   0.4994138235898866

0.0007596043547848
0.0010691781474988
0.0012321144239371
0.0013940977907686
0.0015496660702209

-0.001329306706029949
0.0007736731267408

  0.2869361607722968  -0.6442802601007325    8.802388532767131   -8.032574004053256  -0.4124301646727808
   1.338714615163521   -0.384102632979644   0.7179475426538104  -0.6213823652384443 -0.05109099738003839

-1.165091213658965e-07  5.843018762697968e-07  3.106185906654551e-07   -0.02803738070458541   -0.08709577399402896
-1.177332267168328e-08  -3.86445441329969e-08  3.233051816066929e-07   -0.01111777899148061     0.1180784451971705

cov:
0.05473341811348908 0.05674428802859431 0.05803905767972744 0.05946908763822142 0.06058232263700038
0.05674428802859431 0.06126313545660914  0.0641768931773614 0.06739006990238526 0.06989498019512404
0.05803905767972744  0.0641768931773614 0.06813597506419396  0.0725004519488541 0.07590388997789647
0.05946908763822142 0.06739006990238526  0.0725004519488541 0.07813303184593164 0.08252616007892807
0.06058232263700038 0.06989498019512404 0.07590388997789647 0.08252616007892807 0.08769273857216658

cov.inverse():
 2015082.831517688  -4503037.80391641  1950733.817332158  490432.4772014923   46977.0448733197
-4503037.803499645  24744456.82547421 -32417501.54548162  12334861.90731711 -160140.3784879678
 1950733.816497186 -32417501.54386787  56094084.68987405 -26521745.99420832  896531.0810667202
 490432.4776705251  12334861.90582253 -26521745.99303011   15435195.3096419 -1739712.760615388
 46977.04482247318 -160140.3781903499  896531.0806673298 -1739712.760462787  956403.5596816723

cov*(cov_.inverse()):
     1.000000000032742 -1.928128767758608e-10  1.236912794411182e-10 -1.746229827404022e-10  2.182787284255028e-11
   1.2732925824821e-11      1.000000000074579 -6.766640581190586e-10  1.891748979687691e-10  1.455191522836685e-11
 1.045918907038867e-11 -4.292814992368221e-10      1.000000000116415 -5.820766091346741e-11   2.91038304567337e-11
 3.137756721116602e-11 -3.510649548843503e-10 -8.731149137020111e-11                      1   2.91038304567337e-11
-3.092281986027956e-11 -2.728484105318785e-11  1.309672370553017e-10  2.037268131971359e-10      1.000000000014552
