5
2

0.0001181758815281838
0.0001779094033334801
0.0006122538674342151
  0.07949721513766778
   0.5619674170530266

-0.009717284893327531    0.3044814536857287   -0.6235246077742279    0.6462372454000224   -0.3174761485427118
 -0.08814795073700299    0.6341637707679296   -0.4190985503339943   -0.5142184046062831    0.3873010303347794
   0.6031304983748619   -0.4965725857812553   -0.4801125168903632  -0.02459748492319365    0.3981660505885235
  -0.6808925655718528    -0.269131156227326   -0.0986587480175166    0.3142690072701006    0.5962006184211859
   0.4058995309608522    0.4314063560091424    0.4419636763046896    0.4675326831643744    0.4849901295501149

0.0008471562753101
0.0011873261119462
0.0012552582493095
0.0014089192451721
0.0015138702232821

-0.001428781791682827
0.0008400894151215

 0.0275835897785193 -0.9066335465281539   3.002421344468134   8.256734453611696  -10.38014591918811
  1.336902999829179 -0.3758381628989061  0.1891801815793103  0.8460715419165359 -0.9963156438526419

 9.053654110111917e-08 -3.197366062673752e-07 -1.990767918731249e-06   -0.02316087329999945   -0.07167097925929945
 8.626291093044714e-09 -3.976767682228701e-08  1.816620688647832e-07  -0.007305139565363814     0.1188960906335852

cov:
0.05496075632551021 0.05645827067793643 0.05707801734416321 0.05857883738839621 0.05960354930460893
0.05645827067793643 0.05923322718962647 0.06038159299329127 0.06316273561185018 0.06506157092054052
0.05707801734416321 0.06038159299329127 0.06174886390414487 0.06506011400818601 0.06732087867534729
0.05857883738839621 0.06316273561185018 0.06506011400818601 0.06965551748398173 0.07279303678191328
0.05960354930460893 0.06506157092054052 0.06732087867534729 0.07279303678191328 0.07652924061272459

cov.inverse():
 1222740.636625634 -2776903.143720278  828535.7858515972  942798.0116262744 -217131.2340213861
-2776903.144138695  20002122.44614568 -21355199.04692077  3819352.602182482  310629.8305863146
 828535.7872504358 -21355199.05379128  34002915.96749756  -22012566.5232076  8536273.233816702
 942798.0094628774   3819352.61722055 -22012566.53795893  38259479.54250874 -21009035.97506202
-217131.2328384206  310629.8220003815   8536273.24309632 -21009035.97693867  12379253.12791038

cov*(cov_.inverse()):
     1.000000000016371 -1.236912794411182e-10 -4.656612873077393e-10  4.656612873077393e-10 -1.164153218269348e-10
 1.818989403545856e-12      1.000000000120053                      0                      0  2.328306436538696e-10
 1.818989403545856e-11  1.164153218269348e-10     0.9999999998835847  2.328306436538696e-10                      0
 1.818989403545856e-12  3.492459654808044e-10 -5.820766091346741e-10      1.000000000465661                      0
                     0  4.001776687800884e-11 -1.164153218269348e-10                      0                      1
