5
2

0.0001412918056183455
0.0002797168362250275
 0.000826008135808533
  0.09419371339060807
   0.5628560402332295

-0.1604951975302959  0.6079689541650743 -0.7228453504549642  0.2863381782931383 -0.0109585272068855
-0.5225325763341974  0.5652407737300984   0.392732670029438 -0.4991637592809334 0.06371158210734332
 0.4323442945448931 0.01491827112401004 -0.3444242446136624 -0.6383283963292924  0.5355041123307375
-0.5919810342711889 -0.3646349257352865 -0.1006877665819146  0.2141944787291235   0.678662305524582
 0.4047689023096386  0.4215393630553594  0.4410097080566854  0.4642236236922099  0.4984712285817138

0.0000913074281276
0.0001794490147588
0.0002410744979441
0.0003025582843923
0.0004085064083862

-0.0003167618596588553
0.0002379986444468

  0.3102448619058666    1.490468834458985    5.357689531497392   -6.532456506514177  -0.6263455192800613
   1.474323327289148  -0.2494805069420535   0.4437672872741467  -0.6186509709891462 -0.05000127730211262

-9.742212259126491e-08  4.698684650595884e-07  1.463846214717431e-06   -0.02742372293735039   -0.07225542196650953
-1.768093756138991e-08 -3.376075130164261e-08  5.792472514217697e-07   -0.00880972457220852      0.118860719999935

cov:
0.05501439596767791 0.05597066653204946 0.05708098770185743 0.05840387394069371 0.06035635527333243
0.05597066653204946   0.057474845762925 0.05922109271753968 0.06130249245179018 0.06437352680973016
0.05708098770185743 0.05922109271753968 0.06170569232029415 0.06466775063078534 0.06903746674308972
0.05840387394069371 0.06130249245179018 0.06466775063078534 0.06868038455209857 0.07459930851538459
0.06035635527333243 0.06437352680973016 0.06903746674308972 0.07459930851538459 0.08280483956067036

cov.inverse():
 5054012.162787276 -8653214.042561229  2970211.130604085  627131.7832477053  1892.437443448818
 -8653214.04163995  22599034.37737405  -19183994.1433332  5100127.202657753  138220.3100622449
 2970211.128762709 -19183994.14051939  28318388.69975409 -12551215.74603402   446259.431193424
 627131.7842680868  5100127.200456572 -12551215.74475096  7888760.297738819 -1064629.652145679
  1892.43734319155  138220.3103708439   446259.430882828 -1064629.652043422  478245.7883287135

cov*(cov_.inverse()):
    0.9999999999450608  -2.78305378742516e-10 -1.164153218269348e-10 -1.309672370553017e-10  1.818989403545856e-11
 2.324895831407048e-11     0.9999999997071427  7.275957614183426e-12  -2.91038304567337e-11  1.455191522836685e-11
-1.182343112304807e-11 -4.001776687800884e-11     0.9999999997708073 -1.164153218269348e-10  7.275957614183426e-12
 6.997424861765467e-11 -2.219167072325945e-10 -2.255546860396862e-10     0.9999999999563443                      0
 4.635580808098894e-11  5.638867150992155e-11  1.309672370553017e-10 -4.365574568510056e-11                      1
