5
2

0.0001152076334146804
0.0001911960883653363
0.0005006896485915643
  0.05792052565990823
   0.5478225157931951

0.002416607025674607  0.04867055386031888  -0.5231525549085686   0.7894362629063163  -0.3173753744362662
 -0.2162271127868859   0.6879113403181498  -0.5433287788879815  -0.2660464313827782   0.3376935858705607
  0.5850217936866636  -0.4583433692922429  -0.4772538086735059  -0.1061761476841637   0.4567562637852454
 -0.6575292994501314  -0.3547880980058149  0.04079330307818438   0.2906675174105269   0.5963463143379093
  0.4226638344862134   0.4341151073020468   0.4490767761255712   0.4585288465760362   0.4700858460237419

0.0002887256871047
0.0005663707942035
0.0006894866104155
0.0007657851032387
0.0008562642488570

-0.001631921259452128
0.0002663305599850

 -1.933791144734437   1.999165350293844   3.652792322861514   12.00357611644213  -15.72194266785735
  1.157520202692308 0.01031075412063509  0.2787753666403971   1.009255988644339  -1.455903190262322

 1.678673955747091e-07 -3.178169543930852e-07 -3.070079729147009e-06   -0.01736243045137478   -0.05875193083287131
 1.481600259042468e-08 -4.221550512503323e-08 -5.834806137712813e-08  -0.004456009579284515     0.1192284137495829

cov:
0.05506349054597784 0.05584806405392301 0.05687328887958024 0.05752110287935251 0.05831284528725857
0.05584806405392301 0.05697976798581365 0.05845813978206096 0.05939213034888757  0.0605339192597371
0.05687328887958024 0.05845813978206096 0.06052872409705511 0.06183673750858595 0.06343606123235873
0.05752110287935251 0.05939213034888757 0.06183673750858595 0.06338108665922143 0.06526947566585223
0.05831284528725857  0.0605339192597371 0.06343606123235873 0.06526947566585223  0.0675115273335046

cov.inverse():
 2644778.438587841 -5129650.245788218  2004770.531314516  1469555.783470043 -989439.9722189638
-5129650.245780474  13961656.78250418 -11270181.31243606 -1917563.452888288  4355774.211187738
 2004770.531033263 -11270181.31060415  29604302.99658598 -26959568.93456602  6620808.923220383
 1469555.783957171 -1917563.456186019 -26959568.93001957  48935120.80969097 -21527837.04492445
 -989439.972432573  4355774.212661305   6620808.92022458 -21527837.04318861  11540822.76408006

cov*(cov_.inverse()):
    0.9999999999781721 -5.820766091346741e-11  5.820766091346741e-11  2.328306436538696e-10 -1.164153218269348e-10
-7.275957614183426e-12      1.000000000058208 -1.164153218269348e-10                      0                      0
 -2.91038304567337e-11  1.746229827404022e-10      1.000000000058208 -4.656612873077393e-10 -1.164153218269348e-10
-4.365574568510056e-11                      0  3.492459654808044e-10     0.9999999995343387  1.164153218269348e-10
 -2.91038304567337e-11                      0                      0                      0                      1
