5
2

0.0001392636874383812
 0.000225300675165612
0.0005228628209739971
  0.06238689671600839
   0.5455829151578355

-0.007159121207782657    0.2107951208644645   -0.7159665134964384    0.6509176526546534   -0.1386085315468652
  -0.1807255043359863    0.7517605884452826   -0.2893575462954973   -0.5142020340105211    0.2325140605731143
   0.6325561942906056    -0.349407209499206   -0.4491396138346415   -0.2791238917015776     0.445141239810915
  -0.6240026469084952   -0.2797527203994428   -0.0625937686263123    0.1656101370714134    0.7078237172549723
   0.4216401271010784    0.4359752883584429    0.4449941453179222    0.4544948990500913    0.4770322300737954

-0.0063014431449057
-0.0070764204904431
-0.0074722985887146
-0.0080131945402203
-0.0093212221253715

0.01140796836343402
-0.0046458223893105

 0.8991356559379396   -2.26902394399641 -0.3627167323371134   11.26560045519723  -9.533028136040997
  1.534857886139315 -0.5470214735962464 -0.2302395378100309   1.155502833950056 -0.9130726325614703

 1.634808871692707e-07 -4.960641984584204e-07 -1.603013712911075e-06   -0.01862615041136929   -0.05921580387800649
 1.778935354249111e-08 -7.250917932266408e-08  1.466582347096273e-07  -0.004846647336172011     0.1178199618073767

cov:
0.05443386435308997 0.05539675194438471 0.05600124923001552 0.05663944131207472  0.0581512513094646
0.05539675194438471 0.05688236452835353 0.05781628238044118 0.05880072593959219 0.06113503292369671
0.05600124923001552 0.05781628238044118 0.05895803115283121 0.06016084289689243  0.0630138918766877
0.05663944131207472 0.05880072593959219 0.06016084289689243 0.06159325976338272 0.06499164162422459
 0.0581512513094646 0.06113503292369671  0.0630138918766877 0.06499164162422459 0.06968566593661685

cov.inverse():
 2109792.995761503 -3562762.103663578  255302.5990670189  944611.4232409763  253180.0205292015
-3562762.103419226  13871257.85256355 -11493094.91481463 -183847.9483400452  1368035.849315455
 255302.5984654808 -11493094.91252474  28818114.31740984 -20639650.22982692   3060138.39061211
  944611.423650616  -183847.950993478 -20639650.22713361  27340070.15022079  -7461823.49210197
 253180.0204767322  1368035.849923397  3060138.389607166 -7461823.491652527  2780604.508757877

cov*(cov_.inverse()):
     1.000000000016371  1.455191522836685e-11  8.731149137020111e-11  1.164153218269348e-10   2.91038304567337e-11
 1.818989403545856e-11     0.9999999999708962  -2.91038304567337e-10  2.328306436538696e-10  5.820766091346741e-11
   1.2732925824821e-11   2.91038304567337e-11     0.9999999999417923                      0  5.820766091346741e-11
-1.091393642127514e-11 -8.731149137020111e-11  1.164153218269348e-10                      1   2.91038304567337e-11
 1.455191522836685e-11  1.455191522836685e-11 -5.820766091346741e-11  5.820766091346741e-11      1.000000000029104
