5
2

0.0001823012916423709
0.0002115312594031413
0.0005455071065223085
  0.08981703079417976
   0.5678896623622238

-0.09356262725392921   0.2584203378217089  -0.4683711431164611   0.7258052632398023  -0.4222560312543062
 -0.2780398268095006   0.7297186353216631  -0.3954048125832749  -0.3689064235690448   0.3126781936872393
   0.611487958428899  -0.2852172910270671  -0.6473391220772523 -0.03194614530901121   0.3530794222604683
 -0.6143032122195086  -0.3773477268169357  -0.1047003217785767   0.3351762531337694   0.5974403555816719
  0.4033037684454929   0.4207011198341126   0.4407645744946836   0.4730233542204878   0.4922724188500787

0.0003561283911750
0.0004015114844129
0.0004159518573329
0.0004645037640133
0.0004465322376786

0.0002051976820097492
0.0005606956376672

 0.3198484543013052   3.090993523756832   -3.16490328870279   7.785435880588468  -8.030981836387292
  1.476771721949216 -0.0361583819346783 -0.4484567527160485  0.7254000999719685 -0.7174103720363624

 3.753101901260041e-07 -8.793233915006809e-08  -5.12293833658576e-07   -0.02597635197676833   -0.07621758984973126
   2.9643170961866e-08 -3.363016898687215e-08  2.759048452733024e-07  -0.008325736533459298     0.1201893612028735

cov:
  0.055500059319651 0.05658840055161663 0.05784675900253217 0.05986273073482014 0.06106673635217521
0.05658840055161663 0.05822759127974123 0.06011973293382165 0.06315739060719754 0.06497063923208152
0.05784675900253217 0.06011973293382165 0.06274148790940121 0.06695527442549266 0.06946986781796691
0.05986273073482014 0.06315739060719754 0.06695527442549266  0.0730657367792612 0.07671126338582947
0.06106673635217521 0.06497063923208152 0.06946986781796691 0.07671126338582947 0.08103126790774655

cov.inverse():
 3247675.619259401 -5847918.920017944  2445372.317796365   183292.270634918 -28657.99561086667
-5847918.919987729  14183228.48859102 -9469867.673856933 -341855.6809534396  1477386.957485296
 2445372.318173838 -9469867.675124323   11503156.6521265 -6899516.306890078  2419810.219710928
 183292.2695119683 -341855.6774205258 -6899516.309856623   18896061.1820888 -11837587.43776447
-28657.99489561686  1477386.955250049  2419810.221787602 -11837587.43832134  7968981.401843661

cov*(cov_.inverse()):
     0.999999999943384   1.01863406598568e-10 -1.455191522836685e-10  1.164153218269348e-10                      0
-6.139089236967266e-12      1.000000000043656  1.164153218269348e-10  1.164153218269348e-10                      0
-3.592504072003067e-11                      0     0.9999999999708962  1.164153218269348e-10                      0
-4.774847184307873e-11 -5.820766091346741e-11   2.91038304567337e-11                      1  1.164153218269348e-10
 2.273736754432321e-12 -1.455191522836685e-11   2.91038304567337e-11                      0                      1
