5
2

8.984061454970866e-05
0.0001852039753477223
0.0005201575961681145
  0.06795576250064791
   0.5558358338077851

0.007537374567197126  0.05832631818791973  -0.5068680515746496   0.7872413645216944  -0.3462326398105976
 -0.1335549102680053   0.6078491211352298  -0.6163792473180104  -0.2626215688285058   0.4047086197996914
   0.571193019121194  -0.5753015528956755   -0.396515454037489 -0.02913240191261115   0.4297597654635502
 -0.6965838166996624  -0.3319462487121336   0.0546860074949608     0.30964618519909   0.5529117062008964
  0.4130566488355875    0.431227663472019   0.4504956570959442   0.4631970301313781   0.4753199778300325

0.0001379345715332
0.0000888592938222
-0.0001577529020365
-0.0003268275907778
-0.0004795888564977

0.002741206020876891
0.0006795901899092

-0.6183005694267856  0.7687340336190978   6.037134665788104   5.957653697773446  -12.14530564808714
  1.278796300888502  -0.134233721838648  0.4059918734401546   0.549861897816375  -1.100449672125991

 4.742199706522176e-08 -3.310421825784583e-07 -2.322078227455147e-06   -0.02015681628641317   -0.06720657008256144
 4.922794395554848e-09   -3.7469722146356e-08  4.267727777916769e-08  -0.005828901016943304      0.118902684892926

cov:
 0.0549532121671789 0.05609895957103459 0.05731415922179448 0.05811494432992608 0.05887954561720243
0.05609895957103459 0.05796110347487202 0.05993543338064296  0.0612367447010041 0.06247891098694218
0.05731415922179448 0.05993543338064296 0.06271484390534349 0.06454698417790632 0.06629565806584047
0.05811494432992608  0.0612367447010041 0.06454698417790632  0.0667292113958065 0.06881192063795423
0.05887954561720243 0.06247891098694218 0.06629565806584047 0.06881192063795423 0.07121340179441243

cov.inverse():
 1733020.472827609 -3526776.954216318  1089542.429236557  1696175.080641729 -991937.8963264828
-3526776.954060419  12416644.69963253 -13742729.13837462  1096814.897767339  3756117.683089098
 1089542.428679008  -13742729.1335503  43487987.85625372 -44675601.35469018  13840486.82225712
 1696175.081216492  1096814.888687538 -44675601.34000542  78797856.16334949  -36914838.8654214
-991937.8964996323  3756117.687500479  13840486.81183916 -36914838.85924161  20310004.21733236

cov*(cov_.inverse()):
     1.000000000029104                      0                      0  9.313225746154785e-10  2.328306436538696e-10
                     0     0.9999999998835847  5.820766091346741e-10 -4.656612873077393e-10                      0
 1.455191522836685e-11                      0      1.000000000582077                      0  4.656612873077393e-10
  2.91038304567337e-11 -1.164153218269348e-10 -1.164153218269348e-10      1.000000000465661 -4.656612873077393e-10
 1.455191522836685e-11                      0                      0                      0                      1
