5
2

9.390216728207396e-05
0.0001525171626100785
0.0005888919276372307
  0.09250143635895942
   0.5834268797870675

-0.00706045990945824    0.434974246204575  -0.7871330686489195   0.4312530322629771  -0.0720410261444939
-0.06337416611956991   0.4923733095371913  -0.1638325092415568  -0.7206068378286202   0.4554524490155845
  0.4745630318210103  -0.5880846442188123  -0.3897359255283687 -0.02257906942987443   0.5258730588641238
 -0.7911414843214736  -0.1879704961096641 0.002385277179602371   0.2673567342356897   0.5169883281946563
  0.3805508449458266   0.4326539876396315    0.449088699435059   0.4719715772386422   0.4935116530631659

-0.0018443660714844
-0.0010328957860296
-0.0008397990705483
-0.0005588520626484
-0.0003022432317185

-0.003200680288146529
-0.0020650864638804

 0.5171397012954005  -2.236816317349063   9.355941527828843  -3.710573984251532  -3.926418572004011
  1.328727790192885 -0.5028477469714947  0.7343011813663942 -0.2613523975460369 -0.2988044180545962

-8.516330297711553e-08 -4.143710887903444e-08 -1.410240147351025e-06   -0.02556959168073048   -0.08793580038739873
-7.911896338171445e-09 -9.301270108263008e-09  1.695358155633407e-07   -0.01009063348917764     0.1181283537511456

cov:
0.05465011830793811 0.05731598429081389 0.05815628352916976 0.05932676591831722 0.06042717836407422
0.05731598429081389 0.06401930275945467 0.06613342317449378 0.06907712970765731 0.07184773059888534
0.05815628352916976 0.06613342317449378 0.06864956693206348 0.07215288537667772 0.07545060560644129
0.05932676591831722 0.06907712970765731 0.07215288537667772 0.07643525823042496 0.08046677685080622
0.06042717836407422 0.07184773059888534 0.07545060560644129 0.08046677685080622 0.08518957242946711

cov.inverse():
 827791.6512768399 -2494462.516355308  543297.9185597277  1587003.269324875 -463587.6983993142
-2494462.516984835  32876615.58552231 -41636300.48680715  6059048.251083951  5194944.670066964
 543297.9199880831  -41636300.4945423  71857857.82774799  -33396527.4861615  2632197.444956651
 1587003.268158202  6059048.263730232  -33396527.5005201  43416599.90334978 -17666864.44060701
-463587.6980314513  5194944.664526097  2632197.453008668 -17666864.44348596   10303656.1127512

cov*(cov_.inverse()):
     0.999999999996362  1.164153218269348e-10 -1.455191522836685e-10  4.656612873077393e-10 -1.164153218269348e-10
-2.182787284255028e-11      1.000000000349246  5.820766091346741e-10 -2.328306436538696e-10                      0
-7.275957614183426e-12  5.820766091346741e-10      1.000000000669388 -2.328306436538696e-10                      0
-7.275957614183426e-12  4.656612873077393e-10   2.91038304567337e-11     0.9999999997671694                      0
-7.275957614183426e-12  1.746229827404022e-10   2.91038304567337e-11                      0                      1
