6
2

8.933720585698158e-05
0.0001409998883635112
0.0002233657883399159
 0.000522558662171885
  0.06952168350162262
   0.6055643057896792

0.000327983625083888 -0.02360713023545599 -0.09231336964195461    0.545230335702337  -0.7631585106994296   0.3335173251737925
 0.01489994309036897  -0.2482087459645981   0.7339495357524282  -0.4796989760687828   -0.301286214266868   0.2803640464515396
 -0.1882572078835009   0.7372984824286075   -0.249889711869923   -0.462132873400144  -0.1750881701981192   0.3380571599146333
  0.6333204815848041  -0.3549920144741476  -0.4607615091137769  -0.2852774029387377  0.04703058608190506   0.4207013148651848
 -0.6479087060615332  -0.3371361213360383  -0.1254252433108373  0.08589936703112508    0.337552517564481   0.5740223421349664
  0.3787566290078839   0.3931233584859575   0.4028880647466769   0.4126549197908413   0.4242714451328478   0.4351876679057924

-0.0007305589295877
-0.0008438977284239
-0.0008387027416817
-0.0009510393779133
-0.0010974122190560
-0.0012275924325085

0.002323269750897371
-0.0002422334099955

 0.8137763166618673  -1.477609254306989 0.09823771098317008   4.494785157784566   9.851386064935458  -13.78058148281902
  1.515890196523374 -0.4775409117490116 -0.1879804424720687  0.5949258764971181  0.8282776310024303  -1.273519841545617

-7.691786802356258e-08 -1.697204078092566e-07 -4.853450846330605e-07  -1.53513019643157e-06   -0.02049459328210546   -0.07178782601572098
-5.613554226782857e-09 -1.767089650962223e-08 -7.189337122514761e-08    1.5009040040373e-07   -0.00578987654880168     0.1295871000602622

cov:
0.05463574200708779 0.05565781366696662 0.05635107999217742  0.0570458950838212 0.05787135012612835 0.05864708990463962
0.05565781366696662 0.05722268054403411 0.05828536854454989  0.0593490076731654  0.0606135806984048 0.06180193964216422
0.05635107999217742 0.05828536854454989 0.05959972701375337 0.06091455950039457 0.06247821467266179 0.06394760593695763
 0.0570458950838212  0.0593490076731654 0.06091455950039457 0.06248026035848354 0.06434255846789648 0.06609257850923704
0.05787135012612835  0.0606135806984048 0.06247821467266179 0.06434255846789648 0.06656047737114634 0.06864465073841408
0.05864708990463962 0.06180193964216422 0.06394760593695763 0.06609257850923704 0.06864465073841408  0.0710428564508665

cov.inverse():
 2190461.924221639 -3792301.744108492  420554.3879157255   744996.262494116  512524.7964414101 -76107.15652961899
-3792301.744192615  14525823.31878581 -11983935.46839423  -2082252.16443946  3370217.852346761 -37985.86689279999
 420554.3884629777 -11983935.46984256  30192158.71210857 -21219521.71159363 -1498032.129930992  4089569.442520357
 744996.2610218166 -2082252.158948848 -21219521.71651385  53400377.39176795 -43292831.42966028  12448621.49984209
 512524.7981859406  3370217.844862421 -1498032.122527741 -43292831.43066488  78161840.46137217  -37253652.6744099
-76107.15726500713 -37985.86353479871  4089569.439136147    12448621.499945 -37253652.67375134  20829629.39589324

cov*(cov_.inverse()):
     1.000000000002728  4.729372449219227e-11 -1.455191522836685e-10                      0 -4.656612873077393e-10  2.328306436538696e-10
 2.000888343900442e-11      1.000000000092768 -1.455191522836685e-10 -1.164153218269348e-10 -4.656612873077393e-10  2.328306436538696e-10
 2.091837814077735e-11 -7.776179700158536e-11      1.000000000261934                      0 -4.656612873077393e-10  4.656612873077393e-10
-2.728484105318785e-12   1.45973899634555e-10 -1.164153218269348e-10      1.000000000349246 -4.656612873077393e-10  2.328306436538696e-10
 3.910827217623591e-11 -9.322320693172514e-11  -2.91038304567337e-10  6.984919309616089e-10     0.9999999990686774  9.313225746154785e-10
 2.000888343900442e-11  7.457856554538012e-11                      0                      0                      0      1.000000000232831
