5
2

9.518902177551288e-05
0.0001370155935567155
0.0003055387404628787
  0.05825361421462505
   0.5690624202515179

 0.01069452312608027   0.1837293083886002  -0.6505495946227275   0.6965112758817988  -0.2403880943804535
 -0.1705269037137327   0.7172156300575609  -0.3979936193990495  -0.4532066042477424   0.3045113592213238
  0.6047414986552531  -0.4203102187436733  -0.4661536746938525  -0.1758753456223049   0.4575976990714631
 -0.6568358737543465  -0.2949661127323762 -0.05401746507180363   0.2588708998109944   0.6415836640588491
  0.4167259975553192    0.433796719212328   0.4451619580450288   0.4599234028281447   0.4779760914550444

0.0006832033821235
0.0007896803135122
0.0007814359588370
0.0007695469438459
0.0007554528387545

0.0001268439321863468
0.0008267720080375

-0.09544986312785614 -0.08501440762403896    5.311439916924402    3.752926182635658   -8.884058981191949
   2.198046452537536  -0.5642236001032321  -0.1993849649556741   0.2923814000584432  -0.7271557855266347

 1.157610553463736e-08 -1.232421039983297e-07 -6.743242656670248e-07   -0.01672133256901126   -0.07529536097944475
 3.878077396052077e-09 -1.978850284262675e-08   1.19042623851308e-07  -0.005624362677014258      0.119615822029759

cov:
0.05770094885380843  0.0591979750336671 0.06019464083613304 0.06148928692965892 0.06307246447899435
 0.0591979750336671 0.06123385785081128 0.06258922043559327 0.06434966852468747 0.06650256364368887
0.06019464083613304 0.06258922043559327 0.06418345475295024 0.06625405583680172 0.06878630820353912
0.06148928692965892 0.06434966852468747 0.06625405583680172 0.06872746345380153 0.07175237408964114
0.06307246447899435 0.06650256364368887 0.06878630820353912 0.07175237408964114 0.07537991798835479

cov.inverse():
 5479212.009971462 -9020658.716492491 -172369.3498254227  3799422.430540326 -85585.16619810576
-9020658.717270469  33018453.34557871 -26297421.89143573 -2399322.538127157  4698904.515212824
 -172369.349042344 -26297421.89078507  57472714.56790699 -39521265.90714326  8518535.812207365
 3799422.431020853 -2399322.541949262 -39521265.90289412  64812767.27658319 -26691801.16391375
-85585.16668374122  4698904.517606319  8518535.809391936 -26691801.16300619  13559995.42679771

cov*(cov_.inverse()):
     1.000000000042746 -2.328306436538696e-10  3.492459654808044e-10 -2.328306436538696e-10                      0
-8.003553375601768e-11     0.9999999995343387 -2.328306436538696e-10  9.313225746154785e-10 -2.328306436538696e-10
-4.456524038687348e-11 -3.492459654808044e-10      1.000000000232831  2.328306436538696e-10 -3.492459654808044e-10
-4.547473508864641e-11 -1.164153218269348e-10                      0      1.000000000232831 -3.492459654808044e-10
-6.184563972055912e-11                      0  2.328306436538696e-10                      0     0.9999999998835847
