5
2

0.0001240927133680135
0.0002074474770387101
 0.000468781682866828
   0.0724183118810776
   0.5579738333707892

-0.01135661179034324  0.09293781255856484  -0.4469136192790082   0.7846611280897666  -0.4192955059779497
 -0.2796982663388669   0.7416174202308562  -0.4966377718826193  -0.2321272256242772   0.2669088917226329
  0.5654998479322684  -0.3598931846106899  -0.5945043110947767 -0.05210738340439805   0.4410626512683078
 -0.6570099532615097  -0.3579672726659697 -0.01171026130977833   0.3328501243193985    0.573821416066022
  0.4125381806324915   0.4286052873890169   0.4472657312070601   0.4657461545994544   0.4786895051139595

0.0007881085146304
0.0008297183430167
0.0008436173339708
0.0009029733223993
0.0008845544874111

0.0002648587277521346
0.0009944815604726

 0.4349984318389878   4.370437923210105  -3.352476398203241   5.925237575170363   -7.37756590997726
  1.503282191781086 0.02834904273126782 -0.3489822793570175  0.3616652022887572 -0.5441929954256868

 1.484800987476926e-07  6.196721059054773e-08 -6.365361138045852e-07   -0.02135630944852109   -0.06809150534595367
 1.006308952871214e-08 -1.959469740521933e-08  1.732791477098516e-07  -0.006217890152553114     0.1196050964664253

cov:
0.05524925642614215 0.05628235732541161 0.05748596993363502 0.05867238527824445 0.05950455413194592
0.05628235732541161 0.05786505267603611 0.05970503780598273 0.06152417522313641 0.06279892565092023
0.05748596993363502 0.05970503780598273  0.0622822891565709 0.06483443114701615 0.06662191907897648
0.05867238527824445 0.06152417522313641 0.06483443114701615  0.0681156194313931 0.07041305896230116
0.05950455413194592 0.06279892565092023 0.06662191907897648 0.07041305896230116 0.07306727112177935

cov.inverse():
 3281533.423583104 -5814680.566050255  2027604.642048551  795879.2581472641 -290604.7520273564
-5814680.565723949  13930701.32859136 -10282259.78367846  820716.7130704614  1346726.118567768
 2027604.640326636  -10282259.7805938  20310176.64908607  -19952806.4012129  7895441.241288577
 795879.2610698101  820716.7072414049  -19952806.3980807  41247130.98767034 -22909586.67760565
-290604.7535541804   1346726.12163828  7895441.239519029 -22909586.67737957  13957616.96325606

cov*(cov_.inverse()):
    0.9999999999890861 -5.820766091346741e-11  1.746229827404022e-10 -6.984919309616089e-10  2.328306436538696e-10
 -8.36735125631094e-11       1.00000000007276 -2.328306436538696e-10  2.328306436538696e-10                      0
                     0 -4.365574568510056e-11                      1                      0                      0
-4.729372449219227e-11   2.91038304567337e-11 -1.164153218269348e-10      1.000000000232831 -1.164153218269348e-10
 2.182787284255028e-11                      0                      0                      0                      1
