6
2

0.0001480695333125662
0.0001536270479328342
0.0002660928998197454
0.0005602670328123421
  0.09753862906602057
   0.6161758413820178

 -0.1212664982091052   0.4995982026509392  -0.6023713619218182   0.4412272943143786  -0.3865997459645724   0.1694223297816628
-0.08450136590329391   0.2598438309578888  -0.4246921832743941 -0.07902577687659174   0.7493540580631182  -0.4209521046302329
 -0.4100696166531444   0.5999556852314585   0.2392472155972655  -0.6003960380355606 -0.05494130534899831    0.226192187228249
  0.5377637826017454  -0.1168464237441378  -0.4665376444655201  -0.4931744577831541  0.05598427312837835   0.4828502552854361
 -0.6237149093541065  -0.4068557710756898  -0.1532353660925549   0.1387171572960409   0.3096908495647328   0.5539098698686137
  0.3630243670083088   0.3791454733741935   0.3980045357858152   0.4196838135004284   0.4323747493889697   0.4505241183871915

-0.0002525285800211
-0.0001498944826275
-0.0000696002241495
0.0000018493730358
0.0000877021969358
0.0001331495289045

-0.0005291283142041614
-0.0001294988829046

 0.09887321354622658     1.74540361265961    2.256248853273628   -5.011790017893928    6.790447641763665   -5.879578900884388
   1.325332307908077  0.09035261524329177 -0.05212299363937262  -0.6079042459149169   0.8390554263899703  -0.5946664690707413

-1.388208929146842e-07  1.757467945520909e-07  2.019717265401066e-07 -3.737000230764908e-07   -0.02822332473420351   -0.08375146539417394
 -1.70470972101866e-08  2.031449100520875e-08 -2.247121076840329e-08   2.46761636259902e-07  -0.009602010283071631     0.1269575056184626

cov:
0.05373696275839442 0.05467198155265623 0.05576633463176289 0.05702200134112792 0.05775673698446171 0.05880916849907126
0.05467198155265623 0.05615330465116145 0.05788637190959225  0.0598770365078565 0.06104211629412811 0.06270942661458745
0.05576633463176289 0.05788637190959225 0.06036651852351215  0.0632168554487901 0.06488527885238118 0.06727176858330633
0.05702200134112792  0.0598770365078565  0.0632168554487901 0.06705663151223858 0.06930435713839248 0.07251855397541082
0.05775673698446171 0.06104211629412811 0.06488527885238118 0.06930435713839248 0.07189148671090466 0.07559043428375231
0.05880916849907126 0.06270942661458745 0.06727176858330633 0.07251855397541082 0.07559043428375231 0.07998197773714097

cov.inverse():
 4269522.367253227 -7368446.561777333  2667467.204333615  474772.3538148614 -130572.5568810119  87257.08041881578
-7368446.561500029  19372335.03263679 -16201173.86094124  4280485.141554979 -1045688.836145293  962908.0791759667
 2667467.203981258  -16201173.8599812  25693881.79125907 -11996274.28133379 -3131368.807799077  2966617.279060568
 474772.3542370612  4280485.140308061 -11996274.28138387  15010116.53730504 -9911423.283526639  2142478.844501665
-130572.5576694728 -1045688.835468135  -3131368.80563608 -9911423.286541332  30662029.81058897 -16442303.29826353
 87257.08086012992  962908.0790629667  2966617.277555377  2142478.846641502 -16442303.29922646  10282664.68944627

cov*(cov_.inverse()):
    0.9999999999990905   1.01863406598568e-10 -8.731149137020111e-11  5.820766091346741e-11  1.164153218269348e-10 -1.164153218269348e-10
-1.364242052659392e-11      1.000000000371074 -3.492459654808044e-10  5.820766091346741e-11  1.164153218269348e-10 -1.164153218269348e-10
-3.637978807091713e-12 -2.182787284255028e-11      1.000000000116415  -2.91038304567337e-11                      0 -1.164153218269348e-10
 1.182343112304807e-11 -4.365574568510056e-11  2.037268131971359e-10     0.9999999996216502  2.328306436538696e-10                      0
-5.366018740460277e-11  1.309672370553017e-10 -2.328306436538696e-10   2.91038304567337e-11                      1 -1.164153218269348e-10
  4.18367562815547e-11  1.455191522836685e-11                      0                      0                      0      1.000000000116415
