5
2

9.000571237101235e-05
0.0002159137160924882
0.0004579718723561454
  0.06886530007204952
   0.5543066247599577

-0.001042767326916824     0.055061669177257   -0.4846975550994715    0.7938245997715051   -0.3631499829298093
  -0.1602522035086202    0.6080377598923761   -0.6197522543823855   -0.2347395099924405     0.406710977786626
   0.5869930816086081     -0.55687349458417   -0.4170482726074026  -0.02623156349549326    0.4131751161009195
   -0.677494050046095   -0.3646088977456603   0.06103069400411384    0.3144896310536897    0.5526605560250565
   0.4132300548153574    0.4291975743719725    0.4509117607393978    0.4638405375583453     0.475984142272611

-0.0006968984684228
-0.0008217792613691
-0.0009286045143952
-0.0010804109525029
-0.0012141951087267

0.002388231974614152
-0.0002025768110252

 0.8874966360472579  -1.465613715981407   3.927478201104138   10.88012828937354  -14.22966646585936
  1.536562017151968 -0.5890441792214514  0.4296251387535327  0.9360845900184511  -1.313219579396974

 9.574729202679287e-08 -5.505109555742998e-07 -1.356079144367395e-06   -0.02024869938581126   -0.06692108592349211
 7.920443022289996e-09 -7.573197095410829e-08  1.014410151689279e-07    -0.0058398103027613     0.1182881455567206

cov:
0.05464356306549916 0.05566548014513568 0.05705493282861168 0.05788215512183033 0.05865881017492677
0.05566548014513568 0.05723030784794597  0.0593577942899542 0.06062445868227542 0.06181401521191757
0.05705493282861168  0.0593577942899542 0.06248941191866412  0.0643539420295432 0.06610526329673848
0.05788215512183033 0.06062445868227542  0.0643539420295432 0.06657454361476564 0.06866042430489172
0.05865881017492677 0.06181401521191757 0.06610526329673848 0.06866042430489172 0.07106070181791202

cov.inverse():
 2193913.425791125 -3655687.077383872  1025594.449332353   631278.809784239 -195054.5978431893
-3655687.077397524   9783325.27814891 -10270423.19053635  2403494.254681943   1739297.91631618
 1025594.449054552 -10270423.19208601  38068528.27613704 -44322997.64932474  15499448.46029148
 631278.8104102166  2403494.257810189 -44322997.65672764  78972634.05403163 -37684835.05565914
-195054.5981777436  1739297.914723956  15499448.46586699 -37684835.05930787  20641385.30308315

cov*(cov_.inverse()):
     0.999999999992724 -5.820766091346741e-11 -2.328306436538696e-10  9.313225746154785e-10 -4.656612873077393e-10
-2.546585164964199e-11       1.00000000007276 -3.492459654808044e-10  4.656612873077393e-10 -4.656612873077393e-10
 5.456968210637569e-12 -5.820766091346741e-11     0.9999999998835847  9.313225746154785e-10 -4.656612873077393e-10
-3.819877747446299e-11 -1.455191522836685e-11 -6.984919309616089e-10      1.000000000465661 -2.328306436538696e-10
-1.091393642127514e-11  -2.91038304567337e-11  2.328306436538696e-10                      0                      1
