5
2

0.0001266638716406432
0.0002360211800146191
0.0004388847782169812
   0.0571024870600753
   0.5483321891830627

 0.01808228196786204 -0.01734036661060718  -0.4650243099652119   0.8132307716254152  -0.3489705517483601
 -0.1418884878332498   0.6757456157746217  -0.6236690984903458   -0.210295487872128   0.3000802945057112
  0.5770719774569275  -0.5111125920532087  -0.4395832606349763 -0.08029608357022554   0.4539503794594818
 -0.6847682555621039  -0.3028496669387051  0.02246723733235911   0.2793776471392541   0.6006811707845812
  0.4214511325261961   0.4360196921320798   0.4483871395856392   0.4581835757688978   0.4704067972672891

0.0000300792476882
-0.0000066703223664
0.0000408415838727
-0.0000166234398481
-0.0001001775314936

0.001176046615046043
0.0003620732192867

 0.9247592916326515  -1.737553425640753   4.020834807362597   10.19439657215204  -13.40277442945333
  1.554999835969584 -0.5433268759692372  0.1816374639153115   1.089137548909687  -1.282509939437273

 1.788016055234034e-07 -5.558774096526976e-07 -1.396208482514535e-06   -0.01701886311396014   -0.05978100242124894
 2.063789184732134e-08 -7.325147452577856e-08   8.19701270440043e-08  -0.004441998333181788     0.1189511523626303

cov:
0.05493403105686311 0.05592723167966124 0.05676804096758295 0.05743581787263639  0.0582673493647355
0.05592723167966124 0.05746012307808337 0.05876015514018443 0.05979072177590739 0.06107583219563755
0.05676804096758295 0.05876015514018443 0.06045135658811042 0.06179083709996637 0.06346220387773023
0.05743581787263639 0.05979072177590739 0.06179083709996637 0.06337444883797488 0.06535100168785181
 0.0582673493647355 0.06107583219563755 0.06346220387773023 0.06535100168785181 0.06770918853128648

cov.inverse():
 2110784.203429989 -3271915.959165508  -252522.993828134  1211586.005735541  202225.0801515525
-3271915.959256307  9572177.613251742 -5896432.857564412 -3216920.773931923  2812716.853536802
-252522.9936569561 -5896432.860110894  21464246.24437472 -21033662.81702258  5719252.598142041
 1211586.005682836 -3216920.769712835 -21033662.82349862  42048721.23545142 -19010761.66930896
 202225.0801238819  2812716.851773274  5719252.602242832  -19010761.6716184  10276962.64960172

cov*(cov_.inverse()):
     1.000000000003638 -5.820766091346741e-11  1.746229827404022e-10  2.328306436538696e-10 -1.164153218269348e-10
 3.092281986027956e-11      1.000000000058208 -1.746229827404022e-10  4.656612873077393e-10 -1.164153218269348e-10
 9.094947017729282e-12  -2.91038304567337e-11                      1  2.328306436538696e-10 -2.328306436538696e-10
-2.364686224609613e-11  1.746229827404022e-10 -1.746229827404022e-10                      1  1.164153218269348e-10
 3.819877747446299e-11                      0  5.820766091346741e-11                      0                      1
