5
2

8.985162189780035e-05
0.0001458720789725411
0.0005680430225405469
  0.07287266988229826
    0.564411719771049

-0.003870373661308484    0.2017238585052508   -0.6451230502096861    0.6943188143057887    -0.247042788412515
 -0.04635320059261503    0.6297250355513323   -0.4715135456490641   -0.4876210871076196    0.3757637716333571
   0.4962124950387888   -0.5808784864238425   -0.4003640073032065  -0.02056658478850714    0.5056075761137107
  -0.7669910442683676   -0.1843956312029744  0.009037552414098936    0.2564049518317439    0.5584781217987862
   0.4041463828639846    0.4374154772214058    0.4484620504123843    0.4625803452107385    0.4798276931042669

0.0007136161646928
0.0014080497946362
0.0015810383192588
0.0017919264220789
0.0020546740544546

-0.003505221300706509
0.0004299405802864

-0.0843041043784154 -0.7316289733262901   5.323309689880887   5.630138735383869  -10.13787828573451
  1.301017632629064 -0.4232658368685756  0.5936915263996072  0.3437291707117887 -0.8152425391907222

 2.286483980637565e-08 -2.026080216427342e-07 -2.255382600162137e-06   -0.02108509111943207   -0.07226161126314661
-2.693653951676575e-10 -2.299647343780328e-08  7.566432611365066e-08  -0.006805928243613224      0.119375188618352

cov:
0.05515594224393853 0.05706606254508007 0.05770042196767513 0.05851060458146854 0.05950084082608074
0.05706606254508007 0.06113161158495188  0.0624814144156024 0.06420640849126168  0.0663138269370297
0.05770042196767513  0.0624814144156024 0.06406882928391977 0.06609761793355634 0.06857604006801048
0.05851060458146854 0.06420640849126168 0.06609761793355634 0.06851491341947222  0.0714677713181749
0.05950084082608074  0.0663138269370297 0.06857604006801048  0.0714677713181749 0.07500007092325772

cov.inverse():
 866027.0781523084 -2361751.828535832  720725.8090103278  697705.3855844046  77326.48416169178
-2361751.828766992  24722291.72927204 -29352694.56281378  2954856.614282423  4037475.996234294
 720725.8094822943 -29352694.57336153  62495569.54024827 -44650979.17494646  10786829.85745978
 697705.3852944834  2954856.632453415 -44650979.19881486  70888237.31234576 -29889290.44466291
 77326.48421083869  4037475.988379994   10786829.8712523 -29889290.45065039  14987484.79448028

cov*(cov_.inverse()):
    0.9999999999872671  5.820766091346741e-11 -4.656612873077393e-10 -2.328306436538696e-10  1.164153218269348e-10
-3.637978807091713e-12      1.000000000291038 -9.313225746154785e-10                      0 -1.164153218269348e-10
 2.637534635141492e-11 -1.164153218269348e-10     0.9999999995343387 -2.328306436538696e-10                      0
-2.091837814077735e-11                      0 -8.149072527885437e-10                      1                      0
-1.364242052659392e-11                      0  2.328306436538696e-10                      0                      1
