5
2

9.663331656699466e-05
 0.000156405891394206
0.0003630770598580986
   0.1088695488824811
   0.5674542114108471

-0.08939598073573665   0.3900562126388537  -0.7316642574351199   0.5408117494232767  -0.1097933317090771
 -0.3397713031713008   0.7246395088267809  -0.0197257533445406  -0.5649300950983903   0.1997947098790949
  0.6391902706474204  -0.1350014164838783  -0.5047295849379038  -0.3987546299281479   0.3993159233693304
 -0.5555232871784024  -0.3619213408590631  -0.1370692242936384   0.1307946463696952   0.7242317368535068
  0.3992411495346535   0.4165828774772667   0.4367360563164637   0.4607213310991266   0.5138702977351397

-0.0001484904174604
-0.0000423572023330
0.0000465796550149
0.0001342282978381
0.0002997930035265

-0.0006173590226678506
-0.0000478614127878

   0.44229801277382 0.05869693505540351  -1.739324031780498   5.892267676418477  -4.654061984060805
  1.453266104447246  -0.274875579746998 -0.3084733737712211   0.547560571429569 -0.4175107605638044

  4.62562321349544e-08 -1.059731770780688e-07 -4.027691718866989e-07   -0.03115432585610175   -0.07582576910319366
 3.086516017629888e-09 -2.641074749120865e-08   9.71097438572666e-08   -0.01062363422840515      0.118723037366358

cov:
 0.0549832231807129 0.05593780600187457 0.05704810887431895 0.05836788643022828 0.06129322131914119
0.05593780600187457 0.05743359078480796 0.05917240873941204 0.06124076589185403 0.06582457562960545
0.05704810887431895 0.05917240873941204 0.06164130055077563 0.06457917736475097 0.07108940230326548
0.05836788643022828 0.06124076589185403 0.06457917736475097 0.06855275999412749 0.07735755694389279
0.06129322131914119 0.06582457562960545 0.07108940230326548 0.07735755694389279 0.09124615183710935

cov.inverse():
 8674326.387900406 -14453460.20259969   4831143.50114501  735622.9480286521  212243.2421367139
-14453460.20646681  37896591.36393121  -30629667.8713032  6264118.286220735  923216.8580904611
 4831143.514122944 -30629667.89577583  59276821.58019764 -40392180.29553606   6912676.31901771
 735622.9362703516  6264118.313400778 -40392180.31234041  45573567.48670113 -12180519.31610674
 212243.2447839372  923216.8515163606  6912676.324327532 -12180519.31748981   4132325.04893405

cov*(cov_.inverse()):
     1.000000000074579 -1.746229827404022e-10 -7.566995918750763e-10  4.656612873077393e-10 -1.455191522836685e-10
 6.548361852765083e-11     0.9999999997598934  4.656612873077393e-10 -6.984919309616089e-10  5.820766091346741e-11
-5.456968210637569e-12 -5.820766091346741e-11      0.999999999650754 -4.656612873077393e-10  5.820766091346741e-11
-1.818989403545856e-11  4.365574568510056e-11 -8.149072527885437e-10      1.000000000116415 -5.820766091346741e-11
  2.91038304567337e-11   1.01863406598568e-10  1.164153218269348e-10                      0                      1
