6
2

0.0001276077904834249
0.0001634233153349669
0.0002138750717189667
0.0005126875411590304
   0.0471937174828554
   0.6555421360471534

 0.01379969827534671 0.005702640298519884   0.1053432375375359  -0.5875614475194244   0.7492371324586723  -0.2865224515814252
 0.06976471445890681   0.1634145115155778  -0.7592707424228607   0.4443138231658991   0.3500650832784375  -0.2682837784067323
 -0.3521715925773702   0.8132027207594098  -0.1947546864979804  -0.3299978363325702  -0.1495516525563286   0.2132670805623267
  0.6292870249651914  -0.1405882466964287  -0.4287141888455412   -0.419724265722259   -0.102594919299472   0.4623232123543415
 -0.5644430776392172   -0.363600883241476  -0.1643322577178128   0.0655977441394129   0.3319007956955002    0.638539048661135
    0.39537257699684   0.3999923185088511   0.4045743534243085   0.4098617775252206   0.4159911109418881   0.4230496211856174

0.0033314558543594
0.0034818824336190
0.0034434872787083
0.0034027469960250
0.0033555457721869
0.0033013625437390

0.001147790075702207
0.0036608044608093

 -4.824532416105744  0.8342611883217942   5.434840492360744   7.501128965913741   8.888971026171173  -17.83474172689088
 0.8809400659581358 0.08666062542957678  0.3052844991189825  0.5961074567633748    0.94915272112843  -1.818168895480004

 1.282073391859893e-07  1.843484051320304e-07 -2.876864858844814e-07 -4.675833364121827e-06   -0.01429703040093107   -0.06352110115765819
 1.508929408356441e-08  2.480391359603475e-08 -4.691548114711976e-08 -2.041964458102183e-07  -0.003086435288963294     0.1617775794720294

cov:
0.06788572820844069  0.0684180127571101 0.06894598178742632 0.06955529320488427 0.07026196714525414 0.07107584243212849
 0.0684180127571101 0.06904952864470867 0.06967573436187728 0.07039839027729516 0.07123630167049952 0.07220126060605504
0.06894598178742632 0.06967573436187728  0.0703994930771118 0.07123458267037357 0.07220272599998991 0.07331762995767038
0.06955529320488427 0.07039839027729516 0.07123458267037357 0.07219948334050645 0.07331791191917081 0.07460587787223259
0.07026196714525414 0.07123630167049952 0.07220272599998991 0.07331791191917081 0.07461049275039681 0.07609895395599089
0.07107584243212849 0.07220126060605504 0.07331762995767038 0.07460587787223259 0.07609895395599089 0.07781836466394107

cov.inverse():
 4412024.361902616 -6165628.035837062 -1421029.620821262   2198481.01598287  2455076.050799478 -1478880.131542798
 -6165628.03642894   15534115.6886499 -7841877.436574385   -3129278.9321212 -199535.4380561864  1802137.327307234
-1421029.619594859 -7841877.438522755  23795598.97143485 -14343083.51490481 -4301131.312061551  4111462.968742798
  2198481.01650248 -3129278.933235514  -14343083.5155826  31643536.84141947 -19967897.48617382  3598407.016996544
  2455076.04855184  -199535.433194777  -4301131.31235115 -19967897.48955177  39590936.65753718  -17577437.9843111
-1478880.130449302  1802137.324916629   4111462.96898823  3598407.019101962 -17577437.98536482  9544233.889480388

cov*(cov_.inverse()):
     1.000000000043656  -1.01863406598568e-10  2.328306436538696e-10 -4.656612873077393e-10  4.656612873077393e-10  1.164153218269348e-10
-1.455191522836685e-11      1.000000000087311  1.164153218269348e-10 -1.164153218269348e-10                      0  1.164153218269348e-10
  2.91038304567337e-11 -8.731149137020111e-11      1.000000000058208  4.074536263942719e-10  4.656612873077393e-10 -1.164153218269348e-10
-1.455191522836685e-11  2.037268131971359e-10 -1.164153218269348e-10      1.000000000116415  2.328306436538696e-10                      0
-7.275957614183426e-11 -1.164153218269348e-10  2.328306436538696e-10 -1.746229827404022e-10      1.000000000465661  1.164153218269348e-10
  2.91038304567337e-11   2.91038304567337e-11  5.820766091346741e-11                      0                      0                      1
