5
2

9.619498928418542e-05
0.0001466845099085469
0.0003811634869934438
  0.07714414094675179
   0.5876970789556787

-0.03597610252392376   0.4963356679408269  -0.7831514530162647   0.3698832347153212 -0.04708310835072303
 -0.1469967362181863   0.5164889131305287 -0.03885385499433996  -0.7377960043359089   0.4071591778315851
  0.5495552341167153  -0.4831811522161616  -0.4302831014781959  -0.1444981523905676   0.5084306789878058
  -0.720152383495937  -0.2632480396796512 -0.03646234113431221   0.2794185610035228    0.576781396714273
  0.3955594377441048   0.4290996983113151   0.4457478321337101   0.4689232350661792   0.4907403079877105

-0.0015232512997241
-0.0009658243768271
-0.0007443456249481
-0.0004370028366817
-0.0001447372743868

-0.003466263283171892
-0.0020837349439047

  1.216686607828692  -3.209576509287619   9.468387089625226  -3.801117206394043  -3.674838876860401
   2.17584381425779  -1.509400929047096  0.9983174168338028 -0.4905857208934686 -0.1740684702709086

-9.517132237811056e-08 -1.928377224453364e-08 -4.611059973248712e-07   -0.02117566129053582   -0.09023850503797078
-1.649474085259285e-08 -1.822737098113704e-08  2.147158943522525e-07  -0.008590414121396307     0.1183024002055446

cov:
0.05712835664032086 0.05975239674163129 0.06105494037878401 0.06286742425706623 0.06457371959221377
0.05975239674163129 0.06400753341119876 0.06611957501552995 0.06905940845393738  0.0718269282453111
0.06105494037878401 0.06611957501552995 0.06863344823292908 0.07213286765209422 0.07542716938674433
0.06286742425706623 0.06905940845393738 0.07213286765209422  0.0764116463370051 0.08043959367052822
0.06457371959221377  0.0718269282453111 0.07542716938674433 0.08043959367052822 0.08515826652942084

cov.inverse():
 3222958.555215659 -7285900.821074325  1682639.810523213  3055862.150488618 -675490.6666383878
-7285900.821639479  40627327.37700216 -41508142.88455023  2609839.166950569  5557286.799752483
 1682639.811937218 -41508142.89178935  67625132.23540759 -29544159.06755277  1743764.199955437
 3055862.149169066  2609839.179414792 -29544159.08183563  40227875.76494725 -16349168.00273093
-675490.6661677029  5557286.793962262  1743764.208413244  -16349168.0058693  9723663.617723459

cov*(cov_.inverse()):
     1.000000000021828 -4.656612873077393e-10  5.384208634495735e-10  2.328306436538696e-10                      0
-3.637978807091713e-11                      1  1.891748979687691e-10 -2.328306436538696e-10  2.328306436538696e-10
-7.275957614183426e-11 -1.164153218269348e-10     0.9999999994470272                      0  1.164153218269348e-10
 7.275957614183426e-12 -5.820766091346741e-11 -8.731149137020111e-10     0.9999999997671694  2.328306436538696e-10
-4.365574568510056e-11  1.746229827404022e-10  1.455191522836685e-10                      0                      1
