5
2

0.0001032739857015402
0.0001449032594047865
0.0005817926033958398
  0.08239858578509303
   0.5748087205979194

 -0.01919120966217629    0.2954114299837413   -0.7197449014814354    0.6064538114872876    -0.162925859920037
  -0.0502765660279107     0.576171218340078   -0.3596727331854112    -0.594150982001326    0.4279242101759927
    0.459264078641435   -0.6000264139062872    -0.383824060550736 -0.006126481315250464    0.5307413357309129
  -0.7956286428108738   -0.1755343124448935   0.04049994925265818    0.2486806825752962    0.5221881271322073
    0.391350907995247    0.4357921774891453    0.4512667132054966     0.466174612629195    0.4857666404183119

0.0001685994641351
-0.0001596620887066
-0.0003442945878947
-0.0005171297247486
-0.0007465708627820

0.002882223983916867
0.0007241481946145

 0.7586497557688671    2.80688937315662  -3.873234540485736   8.681265389346873  -8.373699862614357
  1.355945282092652 -0.1054375001418653 -0.4345185677202342  0.9631597817044659 -0.7791684081654067

 1.091236666110769e-07 -1.211332753225684e-07 -1.471248896893807e-06   -0.02353900691065419    -0.0820797675234632
 1.030962336196337e-08 -1.844215434320949e-08  1.466791693876878e-07  -0.008454809455672261     0.1186565313515696

cov:
 0.0549013752562828 0.05729794442319689 0.05813189900774044 0.05893503326133041 0.05999097829276826
0.05729794442319689 0.06295814981828428 0.06492876941146553 0.06682714306843909 0.06932209496046618
0.05813189900774044 0.06492876941146553  0.0672954260877803 0.06957539305611456 0.07257171651061238
0.05893503326133041 0.06682714306843909 0.06957539305611456 0.07222311203753383 0.07570258033716153
0.05999097829276826 0.06932209496046618 0.07257171651061238 0.07570258033716153 0.07981689916002314

cov.inverse():
 778155.6990045431 -2725292.807616055  1635523.758241735  323100.3760260845 -11421.30995949126
-2725292.807637226  25056462.17357778 -29124627.52158255  504375.2361877041  6288996.965715555
 1635523.757581577 -29124627.51813213  55167153.52483182 -30740931.77874467  3062714.264178141
 323100.3772427538  504375.2300088243   -30740931.773123  51296493.68492673 -21382717.46404115
-11421.31049482358  6288996.968422782  3062714.261346838 -21382717.46338177    12042314.298415

cov*(cov_.inverse()):
    0.9999999999957936 -1.164153218269348e-10  6.693881005048752e-10 -2.328306436538696e-10  1.164153218269348e-10
 3.865352482534945e-12      0.999999999650754  2.037268131971359e-10  4.656612873077393e-10 -3.492459654808044e-10
 1.148237060988322e-11  1.746229827404022e-10     0.9999999997671694  4.656612873077393e-10 -2.328306436538696e-10
 3.183231456205249e-11  1.746229827404022e-10 -8.731149137020111e-11     0.9999999997671694 -2.328306436538696e-10
 2.114575181622058e-11 -1.164153218269348e-10                      0  2.328306436538696e-10                      1
