5
2

 0.000172121779447787
0.0002620536561479117
0.0005075752417297974
  0.09194856290923072
   0.5678252372082795

-0.03525159489765407  0.09763543290786013  -0.5579060171659492    0.774637938236304  -0.2791085594407713
 -0.2926672134779368   0.6543674421135818  -0.4801948363592306  -0.2932758002238597   0.4117661678595935
  0.5640866351516681  -0.4518749729536979  -0.4903546704819508  -0.0987090440674042   0.4768900278022189
 -0.6605638242769102  -0.4303886659877706  0.09869566655286581   0.2878896796249216   0.5346024018044407
  0.3982021211798901   0.4157465308935067    0.456032079665656   0.4704268557733734   0.4892067133848892

0.0001509476595496
0.0000171374755746
-0.0002862170717210
-0.0004417410989867
-0.0006426213537413

0.002520673488558221
0.0006555263252263

   0.8209147551599364    0.7756876564000849     1.369580689656824     3.293100306261061    -6.259642592779134
    1.523150247071042   -0.3182782134062679 -0.005258856932732203    0.3704149199792202   -0.5701002170196114

 1.060838253902082e-07  -2.70130797726495e-07 -9.968442647771974e-07   -0.02654143717306561   -0.07710618109047829
 1.079042312763886e-08 -6.832212964686989e-08  1.796088301925784e-07  -0.009027856990775747     0.1183806701283989

cov:
0.05481455632390173 0.05578145185604225 0.05799894209891329 0.05879054307490843  0.0598239374424096
0.05578145185604225 0.05729584656568094 0.06077076756416961 0.06201188751550008 0.06363151521394325
0.05799894209891329 0.06077076756416961 0.06713574345547414 0.06941008989174476 0.07237719704001047
0.05879054307490843 0.06201188751550008 0.06941008989174476 0.07205396541076417 0.07550288881323457
 0.0598239374424096 0.06363151521394325 0.07237719704001047 0.07550288881323457 0.07958028240654232

cov.inverse():
 2524356.082688493 -3894308.387961654  1636705.550713615  112004.4772753709 -378649.0542670173
-3894308.387927498  7349737.169115962 -5554299.461758097 -68564.66328376949  2167363.577775917
 1636705.550128581  -5554299.46079179  14797411.72134168 -12349114.20147474  1469119.351204976
 112004.4781754691 -68564.66482566774 -12349114.20052923   21545015.8631581 -9239152.194266466
-378649.0546162202  2167363.578385633  1469119.350640775 -9239152.193962786  5981288.009570694

cov*(cov_.inverse()):
    0.9999999999781721  1.455191522836685e-11   1.01863406598568e-10                      0  5.820766091346741e-11
-4.001776687800884e-11      1.000000000029104 -1.309672370553017e-10                      0                      0
-2.546585164964199e-11                      0      1.000000000087311                      0  5.820766091346741e-11
-6.548361852765083e-11  5.820766091346741e-11  5.820766091346741e-11                      1                      0
-1.818989403545856e-11                      0  5.820766091346741e-11                      0                      1
