5
2

0.0001278901226225658
0.0001671989205186099
0.0005072611244006683
   0.0432829029195284
   0.6009571319014642

  0.01481964260723629    0.1114473795198717   -0.5877144649965547    0.7481618819453885   -0.2867147813226503
  -0.1382699521235551    0.7058417181420217   -0.4976108446597883   -0.3760144071785087    0.3060482023166199
   0.5651002019921676   -0.4788107113513499   -0.4549269600768629   -0.1127562511972385    0.4813829589991687
  -0.6897575847266953   -0.2558453361258823 -0.006309240227999693    0.2826883492972761    0.6154877163306809
    0.430764476893291    0.4411920411865117    0.4471876668623087    0.4541368615138562    0.4621411579389118

0.0034578528931840
0.0035717026243287
0.0035320913049687
0.0034856865410979
0.0034324521319352

0.001135761816905531
0.0037856844982528

-4.451544744139334  5.792148213283941  7.640892468140594    8.9626269296134 -17.94417120192918
0.9115848835220777 0.3632040024794545  0.604549401884481 0.9460295534861256 -1.825380761433301

 1.298533065128131e-07  -2.22531048121052e-07 -4.738066523831881e-06   -0.01305841922322265   -0.06055955445902567
 1.520822326351325e-08 -3.032850339437666e-08 -2.365159225616972e-07  -0.002962945020117789     0.1478226153148492

cov:
0.06790557309834869 0.06896693726889613 0.06957723671671152 0.07028493280606625 0.07110020476708191
0.06896693726889613 0.07042059645570707 0.07125628571415345 0.07222498972369128 0.07334079108324644
0.06957723671671152 0.07125628571415345 0.07222166000029166 0.07334049551331934 0.07462919941065202
0.07028493280606625 0.07222498972369128 0.07334049551331934 0.07463329757442171 0.07612230305587911
0.07110020476708191 0.07334079108324644 0.07462919941065202 0.07612230305587911 0.07784205856481685

cov.inverse():
 1938621.670539257 -4441614.062249246  929623.0123946817  2289952.976343804  -716558.957657262
-4441614.062409182  19472041.68712772 -15722163.41572188 -4186224.089812562  4877854.241494333
 929623.0124363207 -15722163.41403304  30780126.73916344 -19991180.48465218   4003722.46734244
 2289952.976684727 -4186224.093595167 -19991180.48006706  39329951.86773141 -17442445.44213875
-716558.9578798916  4877854.243428162  4003722.464487824 -17442445.44099535  9277340.921524365

cov*(cov_.inverse()):
     1.000000000058208 -1.164153218269348e-10  -2.91038304567337e-10 -2.328306436538696e-10  1.164153218269348e-10
 5.820766091346741e-11     0.9999999998835847 -1.164153218269348e-10 -2.328306436538696e-10                      0
 5.093170329928398e-11  -2.91038304567337e-10     0.9999999999417923                      0 -1.164153218269348e-10
 5.820766091346741e-11 -4.074536263942719e-10  1.164153218269348e-10                      1 -1.164153218269348e-10
                     0  5.820766091346741e-11                      0                      0      1.000000000116415
