5
2

0.0002047193486023498
0.0002820451351889238
0.0006571536626025827
  0.09626193235571273
    0.564594960011165

 0.2854632380634644 -0.6949530086856056  0.6101938084970783 -0.2471163936395191 0.04634716279963493
-0.2383706679163237  0.4321617930381604  0.2692740266262582 -0.7685154629151544  0.3054359035214348
 0.5946166150458406 -0.1400278573265459 -0.5912034353022602 -0.2976832198429775  0.4343805693106994
-0.5880024910019009 -0.3662546770781737 -0.1091543718798697  0.2090463338443967   0.681539093155815
 0.4029569655415252  0.4201502243814297  0.4401350200138932  0.4647599403832464   0.501376938885437

0.0004976086443257
0.0005241015584203
0.0005172369092896
0.0005456402907839
0.0004661054355588

0.0004667918284577224
0.0007365541682368

 0.6932022069063001    4.88343722571984  -6.460828909634459   4.515767426891653  -3.630740015045179
  1.534153899818916 0.06704108942814099 -0.7060357398837485  0.4281025317983689 -0.3230427484591913

-3.529840603214614e-07 -3.479439969556517e-07  2.706174210667784e-07   -0.02799779834800417   -0.07463961705826032
-6.715147820914061e-09 -7.593107545408686e-08   4.54520562744825e-07  -0.009083316925002454     0.1187769019891451

cov:
 0.0549636257560048  0.0559636548322352 0.05712974846501188 0.05855913183887455 0.06068829660517978
 0.0559636548322352 0.05751386958907027 0.05931786216536704 0.06153593011282611 0.06483646861939103
0.05712974846501188 0.05931786216536704 0.06186184096875261  0.0649947676362906 0.06965409346818462
0.05855913183887455 0.06153593011282611  0.0649947676362906 0.06925937890611455 0.07559930225681619
0.06068829660517978 0.06483646861939103 0.06965409346818462 0.07559930225681619 0.08443566658132898

cov.inverse():
 3477433.235732647 -6221317.183170959  2535331.999034487  209776.8896623341 -1498.203824740399
-6221317.183331282   13916919.5200761 -8463685.417996228  19156.65935420853  749912.1452850496
 2535331.999742511 -8463685.419284703  10605037.73643923 -5791810.654176138  1114020.319126843
 209776.8888329201   19156.6610798266 -5791810.655131055  9086804.071091702  -3523461.01058138
-1498.203543083845  749912.1446876872   1114020.31950133 -3523461.010640203    1660973.2869588

cov*(cov_.inverse()):
    0.9999999999529336  8.731149137020111e-11 -1.309672370553017e-10                      0 -1.455191522836685e-11
-6.110667527536862e-11      0.999999999992724 -4.365574568510056e-11 -1.164153218269348e-10  1.455191522836685e-11
-3.893774191965349e-12 -8.003553375601768e-11     0.9999999999563443  -2.91038304567337e-11                      0
-2.137312549166381e-11                      0  1.455191522836685e-11     0.9999999998835847  1.455191522836685e-11
 3.865352482534945e-12  -2.91038304567337e-11  4.365574568510056e-11                      0                      1
