5
2

0.0001174112915477076
 0.000181948220119436
0.0006309113585306569
  0.07234021527249894
   0.5557230702978457

-0.01450655377835223   0.3044360655706374  -0.7647197124806038   0.5611220391915935 -0.08633690030570274
 -0.1225174838650119   0.7105079209636567  -0.1976494649666764  -0.6223230760174822   0.2319841340475992
  0.6187815213864922  -0.3954341079812352  -0.4180632013688518  -0.2680137008878909   0.4627451899623663
  -0.656197260072243   -0.237577996480645 -0.05992762478155472   0.1380024839384169   0.7002327082311939
  0.4138763229627444   0.4355292620032558   0.4447137166663939   0.4549505651747341   0.4840148186633239

0.0007323876988146
0.0012751557266467
0.0014276880645393
0.0016004536227785
0.0020736584866328

-0.003491229383060678
0.0004517824352729

-0.1520043489531754 0.02401666186361051  -1.010233350395866    8.91823119010448  -7.780394492418241
  1.336312848870591  -0.263632689213793 -0.1738389643616162  0.7998424269567399 -0.6987447447215811

 8.902636825865869e-08 -2.356951239865978e-07  -2.25763975077039e-06   -0.02126090259308473   -0.06491183716415785
 7.477622888138041e-09 -3.232829989019548e-08  1.855311949657064e-07  -0.006189391228360289     0.1194009475507215

cov:
0.05515378731632527   0.056483622475177 0.05704750448852398 0.05767630044148492 0.05946070199521381
  0.056483622475177 0.05887574600556026 0.05989019918482923 0.06102098425170031 0.06423113134462899
0.05704750448852398 0.05989019918482923  0.0610959016228369 0.06243972291521936 0.06625497049345108
0.05767630044148492 0.06102098425170031 0.06243972291521936 0.06402096032595986 0.06851046431496016
0.05946070199521381 0.06423113134462899 0.06625497049345108 0.06851046431496016 0.07491528727596186

cov.inverse():
 1430685.933640207 -3564536.777154607  886310.3955977362  1296000.502967675 -48420.36230187845
-3564536.776633614  22365022.73894899 -20714680.06426027 -698366.1283643687  2612484.810868129
 886310.3942944859 -20714680.05871344  44040506.61938723 -27130210.32900765   2918330.09457924
 1296000.503860693 -698366.1346068622 -27130210.32289977  34719062.73586536 -8186741.308985782
-48420.36241263925  2612484.812084821  2918330.092714919 -8186741.308227402   2704398.99620067

cov*(cov_.inverse()):
     1.000000000005002 -5.820766091346741e-11  2.619344741106033e-10 -1.746229827404022e-10  5.820766091346741e-11
-5.002220859751105e-12      1.000000000116415 -2.037268131971359e-10                      0                      0
-2.728484105318785e-12  1.164153218269348e-10     0.9999999996216502  2.328306436538696e-10  -2.91038304567337e-11
 1.818989403545856e-12  -2.91038304567337e-10 -1.746229827404022e-10     0.9999999998835847                      0
 3.728928277269006e-11  5.820766091346741e-11  8.731149137020111e-11 -1.164153218269348e-10     0.9999999999708962
