6
2

0.0001415776339091577
0.0001888087185667173
0.0002646845186096906
0.0006500231086389935
    0.112559048039347
   0.6291939057165465

 -0.1506760055412392   0.5810229779075439  -0.7272389051635663   0.3318408227196145 -0.02467748362970035 -0.01026184644980061
-0.03211745616725978  0.06068251031397295 -0.09376226409793027  -0.2798531349598229    0.823923012909343   -0.478881855402894
 -0.4556339282565882   0.5930905366631566   0.3222165515315613  -0.5410980019222085  -0.1019724203844675   0.1833914132611326
  0.5355568094911325 -0.03083345562288257   -0.409682042432072   -0.583838859087076  0.03942457536630136   0.4494070709365902
 -0.5951963370477167  -0.4078226912290038  -0.1902725740783106  0.06963013882262536   0.3392882944364999   0.5685537946960171
  0.3571878468783771   0.3737693111253758   0.3930212185482305   0.4160056176702021   0.4398552855162569   0.4601242438128653

0.0000391464417869
0.0001499428989694
0.0002385324961496
0.0003314428050493
0.0004537341099833
0.0005087561654159

-0.000628481973952303
0.0001429308025516

  0.398924844578831  0.9126915922322698   3.910267112695084  -5.550754269969989   4.334426940628417  -4.005973988846352
  1.503553438719802 -0.3466854133361265  0.3151637793967103 -0.4735133110599156  0.3463513907815175 -0.3450924412389385

-8.581600629721686e-08  2.395222208208177e-07  2.414437892275881e-07  8.233217966695644e-08   -0.03227137811837796   -0.08924235056981789
-1.642259192153993e-08  1.726329256655958e-08 -4.424317058478888e-08   3.47249594731121e-07   -0.01172124691318087     0.1298152718037528

cov:
0.05499668527593512 0.05592826918458376 0.05701000227039145 0.05830021244481707 0.05963935341335219 0.06077671684823018
0.05592826918458376 0.05741373668044267 0.05913834757742614   0.061196421482758 0.06333215328650037 0.06514675009023624
0.05701000227039145 0.05913834757742614 0.06160941324728782  0.0645590405904764 0.06761968670360681  0.0702206152241574
0.05830021244481707   0.061196421482758  0.0645590405904764 0.06857371585759472 0.07273923025408398  0.0762794875179606
0.05963935341335219 0.06333215328650037 0.06761968670360681 0.07273923025408398 0.07805142243011787 0.08256639188643027
0.06077671684823018 0.06514675009023624  0.0702206152241574  0.0762794875179606 0.08256639188643027 0.08791008507588323

cov.inverse():
 4803736.727764717 -8318655.516520508  2936403.141010483  536733.3398524333  156348.6088738466 -114536.2856082788
-8318655.516231221  21968639.59473567 -18482417.73209807  4604529.071072555 -178974.4936418012  407097.7941937752
 2936403.140317532 -18482417.73087249  28511280.52332734 -13226273.65257269 -1778948.192433749   2039578.92915821
 536733.3392763025  4604529.072357171 -13226273.65378573  12676645.13713126 -6143467.554141369  1552063.487815176
 156348.6111890676 -178974.4990251749 -1778948.188092168 -6143467.555609847  19225223.86682467 -11280397.72004622
-114536.2869437423  407097.7973562998  2039578.926562261  1552063.488779103 -11280397.72024124   7396326.42507296

cov*(cov_.inverse()):
     1.000000000014552  4.729372449219227e-11  7.275957614183426e-11  -2.91038304567337e-11 -2.328306436538696e-10  5.820766091346741e-11
-3.365130396559834e-11      1.000000000109139 -2.037268131971359e-10  1.455191522836685e-11  1.164153218269348e-10 -5.820766091346741e-11
-3.183231456205249e-11 -4.365574568510056e-11      1.000000000087311 -1.309672370553017e-10  1.164153218269348e-10 -1.746229827404022e-10
-3.456079866737127e-11 -8.731149137020111e-11 -1.164153218269348e-10     0.9999999998690328  2.328306436538696e-10 -1.164153218269348e-10
 1.637090463191271e-11 -1.309672370553017e-10  1.164153218269348e-10 -1.309672370553017e-10      1.000000000116415 -1.164153218269348e-10
-3.819877747446299e-11  1.091393642127514e-10                      0  -2.91038304567337e-11                      0                      1
