5
2

0.0001403333487787112
0.0002375970859286411
 0.000563296244118843
   0.1004140759884228
   0.5849765257585527

 0.01730027939963737  0.06656967667494285  -0.5595145325517624   0.7712505047724626  -0.2956100898678735
 -0.1101305778390085   0.6076670829701988  -0.5891943564006141  -0.3197471392178626   0.4113681434518175
  0.5358440053551314  -0.5976268845839257  -0.3641156298850505 -0.04433522901914365   0.4702844929281793
 -0.7463892556689898  -0.3038642989330193  0.04246333750429028   0.2742448806234158   0.5230259814537719
  0.3786109310418841   0.4204970738047288   0.4532219889750043   0.4751405673796785   0.4986654627672913

0.0001971140281773
0.0001626592838244
0.0001346998670460
0.0000672518906577
-0.0000103346038251

0.0008148026543007168
0.0004914784921919

   1.419163120002848  -0.9787248623741894    4.660328256507707   -1.784127030167869   -3.316684128145279
   1.462910949622499  -0.5263814117014383   0.4806366306973225 -0.08633180660265527   -0.330714611223859

-5.994068309626132e-08 -2.422247182719597e-07 -5.813687375135634e-07   -0.02811091452345584    -0.0902388534208691
-4.873662339316069e-09 -4.926064651462105e-08  2.448821419064831e-07   -0.01117387961145191     0.1178636532400272

cov:
0.05467002170533416 0.05676621290650492 0.05839968700930818 0.05949515604119484 0.06067083267338148
0.05676621290650492 0.06143774351961778 0.06508544634384889 0.06752918194011048  0.0701519468937733
0.05839968700930818 0.06508544634384889 0.07030910323807624 0.07380766567572428 0.07756262117635879
0.05949515604119484 0.06752918194011048 0.07380766567572428  0.0780123845741879 0.08252523746632594
0.06067083267338148  0.0701519468937733 0.07756262117635879 0.08252523746632594 0.08785166275642187

cov.inverse():
 1135007.851819571 -2136210.064912901  43010.98614473506  1226417.850031846 -268054.6369382101
-2136210.064879368  7891717.344027549 -7547759.149712809 -751285.3129269292  2543039.970863809
 43010.98610238187 -7547759.148239025  22463746.82494428 -18524069.10432415  3565517.068857297
  1226417.85000221  -751285.315602703  -18524069.0996416  32021581.40026876 -13972608.83827085
-268054.6368997493  2543039.972099325  3565517.065606253 -13972608.83629385  8131967.948219237

cov*(cov_.inverse()):
     1.000000000023647   2.91038304567337e-11 -2.619344741106033e-10                      0  5.820766091346741e-11
 7.275957614183426e-12      1.000000000029104 -8.731149137020111e-11 -2.328306436538696e-10  1.164153218269348e-10
-3.637978807091713e-12   2.91038304567337e-11     0.9999999997089617 -2.328306436538696e-10  1.164153218269348e-10
 4.001776687800884e-11 -1.746229827404022e-10  1.164153218269348e-10                      1  1.164153218269348e-10
  2.91038304567337e-11  -2.91038304567337e-11 -1.164153218269348e-10                      0                      1
