5
2

 0.000144777321338207
0.0002948552895572278
  0.00101035782059142
   0.1102604912951881
   0.5774800739385156

-0.1703107324776252  0.4848837777518712 -0.7380449002344903  0.4370212652638662  -0.013568913775246
-0.5930317091864488  0.6281454829633948  0.3189059506049817 -0.3884104174777941 0.03439456927396398
 0.2470332434309667 0.03657406459721364 -0.3858089039738306 -0.5748456617908099  0.6770087659503475
 -0.639661572859084 -0.4530790279293781 0.02460298971059924  0.3116263070648397  0.5365036852626858
 0.3861544964774511  0.4046019112104718  0.4518129064318617  0.4801991994655041  0.5024498230762579

0.0005328568619739
0.0006765260945403
0.0009515219106289
0.0010922753361064
0.0012576309691092

-0.001116933570609507
0.0005762418932844

 0.2976286551031087 -0.2972340913220028   8.469056875087052  -8.237023239501344 -0.2322627990374293
  1.452919344578046 -0.3559249583098146  0.5804028735502108 -0.6596672630758091 -0.0176441830950656

-2.104842363872674e-07  4.806875586819622e-07  1.401578328144143e-06   -0.03086551005790381   -0.08370896241016793
-2.382037389666764e-08 -5.603183353386828e-08  4.994261392434716e-07   -0.01177892576907269     0.1179329849720836

cov:
0.05470194077651012 0.05562642864500405 0.05799124301985375 0.05941463502772956 0.06053149515021482
0.05562642864500405 0.05708782238264777 0.06082666734967947 0.06307574128109955 0.06483935637682456
0.05799124301985375 0.06082666734967947 0.06808309895061034 0.07244600692007375 0.07586534178476619
0.05941463502772956 0.06307574128109955 0.07244600692007375 0.07807929209373855  0.0824936789918384
0.06053149515021482 0.06483935637682456 0.07586534178476619  0.0824936789918384 0.08768958625622301

cov.inverse():
 5488826.657339605 -8215664.015910774  3728175.478865436 -1040645.845233181  39444.59452471146
-8215664.016779369  15756662.17567989 -14783077.95446833   7282819.30421172  -41153.1616849679
 3728175.481268977 -14783077.95753344  27303101.03648319 -16595556.63808331  348076.1553400241
-1040645.846882051  7282819.306645838 -16595556.63900035  11170770.67605915 -817792.2167920498
 39444.59463868805 -41153.16192263031  348076.1555954709 -817792.2169238037  471406.9038441308

cov*(cov_.inverse()):
      1.00000000000864 -1.537046045996249e-10  1.055013854056597e-10  5.093170329928398e-11  3.637978807091713e-12
 7.275957614183426e-12     0.9999999998240128  5.820766091346741e-11 -8.003553375601768e-11  7.275957614183426e-12
  4.18367562815547e-11 -7.275957614183426e-11     0.9999999996034603  9.458744898438454e-11                      0
 -4.68389771413058e-11  -1.77351466845721e-10  2.000888343900442e-10     0.9999999998981366  7.275957614183426e-12
-2.182787284255028e-11 -2.683009370230138e-11   -1.2732925824821e-10  5.820766091346741e-11                      1
