5
2

0.0001285355160453345
0.0002121353203864435
0.0004586220086365798
  0.04642111022895863
   0.5995546429614771

0.02085568628282704 0.03596349741815857 -0.5279955589480173  0.7871714583502376 -0.3159959684759556
-0.3489857180001907  0.7432953509566866 -0.4510482710775853 -0.2172632120296382  0.2739947877871999
 0.5691466594933531 -0.3055659240517803 -0.5619480218426069 -0.1842942038212314  0.4826506119658586
-0.6059442237766117 -0.4021176977040796 0.03336019327050753  0.3035662116058482  0.6147093683531739
 0.4320621328476733  0.4372064401986572  0.4481937807926691  0.4550175748984828   0.462875991384533

0.0033627893989362
0.0035139453212041
0.0034361848300684
0.0033897707134332
0.0033363994079782

0.001132618652786349
0.0036902363787795

-4.464877665751609  2.568809682203359  10.82396546402117   9.83283910580618 -18.76080722138709
 0.896718038325329 0.1901858614710189 0.7828514254723354 0.9993382387968183 -1.869118001650727

 1.313900546496696e-07 -3.911181724283223e-07 -4.264665168676726e-06   -0.01403700251103047   -0.05916197761804205
 1.634763403124704e-08 -5.642856800649338e-08 -2.258936668104137e-07  -0.003101621207962629     0.1477419216809294

cov:
0.06789553031268748 0.06842823005494018  0.0695660487433141 0.07027308027175037  0.0710873762381815
0.06842823005494018 0.06906018396215011 0.07040958363449849 0.07124785859971759 0.07221325086614851
 0.0695660487433141 0.07040958363449849 0.07221112295189276  0.0733298704789852 0.07461823093833664
0.07027308027175037 0.07124785859971759  0.0733298704789852 0.07462275071999118 0.07611159143940836
 0.0710873762381815 0.07221325086614851 0.07461823093833664 0.07611159143940836 0.07783137328175173

cov.inverse():
 4272944.895348586 -6545577.854150712   1310772.32851118  2179788.449164872 -1217885.050228213
-6545577.854445623  12799405.91098949 -7782998.457573805 -1607388.506365494  3136469.381626904
 1310772.328876512 -7782998.457816287    22896055.288728 -22486671.17006295  6062972.068196235
 2179788.449446009 -1607388.507069414 -22486671.16942188  38715729.01953829 -16801461.46786834
-1217885.050579771  3136469.382278376  6062972.067678041 -16801461.46765007  8819840.822749112

cov*(cov_.inverse()):
    0.9999999998981366  2.037268131971359e-10  2.328306436538696e-10                      0                      0
 -2.91038304567337e-11     0.9999999999708962  2.328306436538696e-10  2.328306436538696e-10 -1.164153218269348e-10
-5.820766091346741e-11   2.91038304567337e-11      1.000000000058208  4.656612873077393e-10                      0
-7.275957614183426e-11  1.164153218269348e-10  2.328306436538696e-10      1.000000000698492                      0
-7.275957614183426e-11                      0  2.328306436538696e-10                      0                      1
