6
2

8.661409455950017e-05
0.0001235611138907541
0.0002302984102223866
0.0005377674459152958
  0.07458591930302365
   0.6500445477968289

-0.004411158782352757   0.04731915640496549   -0.3401917838726584    0.6821786938716251   -0.6063153661889307    0.2214156626159142
   0.0331433504169866   -0.1687058225060568    0.6449663848709308   -0.2975730827720459   -0.5768177651621588    0.3649517123745108
  -0.2782325929873552    0.7757418309311537   -0.2507517158061264   -0.3959777736865289   -0.1375561234881014    0.2867311085330365
   0.5943414591382128   -0.2803264996836838   -0.4863485825750515   -0.3348398472307033   0.04040564378297891    0.4667868897139189
  -0.6585908277908875    -0.375145021760979  -0.07304999364160884    0.0760832963251938     0.308443601805676    0.5650326620223504
    0.366722014201548    0.3849767796326249    0.4044010932830716    0.4139778997847794    0.4289186214925467    0.4454421554161957

-0.0020048747679779
-0.0032300775792943
-0.0045687593923495
-0.0051573240619307
-0.0062115556568421
-0.0073810713248077

0.01687392129225089
0.0003872023596141

 0.2357095492521553   2.084800480564232  -4.412623075394155     3.7060942579325   9.763440862138813  -11.37655810551885
  1.375733653960931  0.1431518626961119  -1.310837459919911   1.613591702009662 -0.2484396441497154 -0.5727505002613864

-3.234641286263995e-08 -2.149086030291558e-07 -1.810911508607459e-07 -1.288398397566733e-06   -0.02085969663719311    -0.1018642577714654
  1.17872653571896e-08 -2.091449022329372e-08 -3.776407065376996e-08  1.727541656764193e-07  -0.006350102022994647     0.1419040556452281

cov:
 0.0592407542598602 0.06103088721581435 0.06293407438345598 0.06387174479532622 0.06533572187120788 0.06695621163447976
0.06103088721581435 0.06340905735319453 0.06593842108536362  0.0671850781525604 0.06913061503101656 0.07128307185076238
0.06293407438345598 0.06593842108536362 0.06913498960518751 0.07071086563360202 0.07316949663078565 0.07588875424959403
0.06387174479532622  0.0671850781525604 0.07071086563360202 0.07244925236351483 0.07516112818030693 0.07816013657586422
0.06533572187120788 0.06913061503101656 0.07316949663078565 0.07516112818030693 0.07826774433685327   0.081702786949739
0.06695621163447976 0.07128307185076238 0.07588875424959403 0.07816013657586422   0.081702786949739 0.08561954056058443

cov.inverse():
 2755693.332848197 -5039655.344135248  1916085.426513509  342018.3968022975 -91061.38567171326  117143.3094937805
-5039655.343846899   13780696.3473777 -12468855.08093541  2123949.002098315  498412.1448500782  1105144.163436863
 1916085.425138507 -12468855.07816218  44676522.84219606 -41070315.23503639  3709288.889138676  3236189.015101321
  342018.400303587  2123948.993321236 -41070315.21917868  71176493.31419334 -42911144.37827303  10339565.43345849
-91061.38998093699  498412.1560543367  3709288.862523647 -42911144.35429941  71157954.22200671 -32361617.29951647
   117143.31138835  1105144.158524967  3236189.027256214  10339565.42006774 -32361617.29526344  17562364.51877672

cov*(cov_.inverse()):
     1.000000000038199  -1.01863406598568e-10 -4.074536263942719e-10 -2.328306436538696e-10 -9.313225746154785e-10  2.328306436538696e-10
 2.364686224609613e-11     0.9999999999854481 -5.238689482212067e-10  1.280568540096283e-09 -9.313225746154785e-10  4.656612873077393e-10
 8.185452315956354e-11 -5.820766091346741e-11     0.9999999999708962 -2.328306436538696e-10 -4.656612873077393e-10 -2.328306436538696e-10
 3.637978807091713e-12  7.275957614183426e-11 -6.402842700481415e-10      1.000000000232831 -9.313225746154785e-10  4.656612873077393e-10
 1.818989403545856e-11 -8.731149137020111e-11  -2.91038304567337e-10 -2.328306436538696e-10                      1 -4.656612873077393e-10
 3.637978807091713e-12 -1.164153218269348e-10  5.820766091346741e-11                      0                      0                      1
