5
2

0.0001751530178074949
0.0002201569822900167
0.0005481413681505277
   0.1114606982729837
   0.5717557955285522

-0.1705729733235627  0.5335455659963213 -0.5793935112495691  0.5126509146543438 -0.2961860709135141
-0.2807026388235893  0.5845295919727816 -0.1395532292064826 -0.6048962345389728   0.440632075913934
  0.629195422804519 -0.2190808149923341 -0.6532938444483043 -0.1016976213846558  0.3449368971780136
-0.5846910972520968  -0.395784810016064 -0.1765111027850409  0.3564039896281408   0.585927240982564
 0.3928871721563513  0.4111110139325409  0.4322950829462466  0.4836562571976967  0.5057914494259039

0.0003829966705898
0.0003943389560548
0.0003708752379764
0.0003078597534180
0.0002427080589489

0.0006683545603469106
0.0006593406998989

 0.6431762483565057   2.364944936285059  -1.464023810644815   2.674347960733239  -4.218377468272511
  1.528126357851953 -0.1206368793104602 -0.3151146932242896  0.3237995900732183 -0.4160517647209802

 1.417588099375843e-07 -1.003459179205858e-07 -2.656182283762728e-07   -0.03195527451086971   -0.08110303173277457
  4.50293975149831e-09 -4.045621287772737e-08  3.056690897396992e-07   -0.01141081138617448     0.1179262358588796

cov:
0.05470837852104784 0.05567661522130319 0.05680457705263563  0.0595302963583965 0.06070610644398994
0.05567661522130319 0.05719702683022645 0.05896585610270998 0.06324810603281544 0.06509436051248903
0.05680457705263563 0.05896585610270998  0.0614788419244529 0.06756842138663519 0.07019315293529084
 0.0595302963583965 0.06324810603281544 0.06756842138663519 0.07804875587749099 0.08256476156153998
0.06070610644398994 0.06509436051248903 0.07019315293529084 0.08256476156153998 0.08789555343340665

cov.inverse():
 3891675.083253049  -6810504.86581769  2661570.913492454  439857.0680460528 -182759.3130434522
-6810504.865870936  16488231.71802878 -11283136.08223144  1694942.642693171 -88688.27354882569
 2661570.913531105 -11283136.08235143  12764662.68112314 -7719140.831494002  3575061.659721602
 439857.0681454203   1694942.64282014 -7719140.831810024  16150156.53616534 -10565223.97115372
-182759.3131282276 -88688.27360904831  3575061.659956293 -10565223.97124344  7261335.028000718

cov*(cov_.inverse()):
     0.999999999994543  -1.39152689371258e-10   2.91038304567337e-11 -2.328306436538696e-10  1.746229827404022e-10
                     0     0.9999999998917701  5.820766091346741e-11 -1.164153218269348e-10  5.820766091346741e-11
  2.91038304567337e-11 -1.537046045996249e-10      1.000000000116415 -1.164153218269348e-10  5.820766091346741e-11
-5.456968210637569e-12 -3.183231456205249e-11  1.164153218269348e-10     0.9999999997671694  1.164153218269348e-10
-1.455191522836685e-11 -7.457856554538012e-11 -5.820766091346741e-11                      0                      1
