6
2

9.192238998736492e-05
0.0001393047374611286
0.0002559290353265877
0.0005969128631174602
   0.1045554935837563
   0.6284919683574534

-0.01539066404622916  0.05180552541963417  -0.4799560139604134   0.7788937303275371   -0.395508145538413  0.06016147711503306
 0.04859030327512032  -0.2236829105978245   0.5381899584465016 -0.04314303567624658  -0.7099353818267727   0.3899832543386738
 -0.3727595797877619   0.7639298697462106  -0.1876846485580257   -0.307474608987567  -0.2147141335064338   0.3187367694229253
  0.5774978455652304  -0.1907364026653062  -0.5245046668736845  -0.3414113896718183   -0.009053548485964   0.4882284442304757
 -0.6305217807271157  -0.4334592558913515 -0.08853306696130345   0.0825564713018553   0.3206845883110236   0.5450349323036311
  0.3569186573443918   0.3733979048313381    0.402274802179288   0.4165876764926904   0.4365115455465328   0.4552696328964375

-0.0016774119036009
-0.0013556532688439
-0.0007665627558039
-0.0005408146456616
-0.0002170150507432
0.0000823542911407

-0.003683560752594077
-0.0019570955859366

-0.04434280696725733    1.289899902027261   -3.449137171497042    9.510284759381651   -3.289006807271196   -4.018327228645825
    1.37654477497264  -0.1125688737022881  -0.4187341921159582   0.7672749022347858  -0.3268601747049167  -0.2856366739130981

 8.609866834442122e-08 -3.472426652404594e-08 -1.211410595996263e-07 -1.297503847404147e-06   -0.02935775111862544   -0.08884633510598468
 7.466798873629428e-09  -8.87593823829152e-10 -5.091315369357247e-08  2.271791794325191e-07   -0.01070483055091303     0.1294629996680456

cov:
0.05466586076914503 0.05563067222577128 0.05732430063395389 0.05816294073038326 0.05933058351584609 0.06042886180955265
0.05563067222577128  0.0571275726316894 0.05975224678876834 0.06105257001766431 0.06286281224411441 0.06456639988823024
0.05732430063395389 0.05975224678876834 0.06400702300523656 0.06611570077540443 0.06905105881734699 0.07181448497837423
0.05816294073038326 0.06105257001766431 0.06611570077540443 0.06862532398210153 0.07211871697819959 0.07540782300220222
0.05933058351584609 0.06286281224411441 0.06905105881734699 0.07211871697819959  0.0763888610793353 0.08040966067248222
0.06042886180955265 0.06456639988823024 0.07181448497837423 0.07540782300220222 0.08040966067248222 0.08511981372103422

cov.inverse():
 3207122.029092342 -5311096.918218486  2439793.524946185 -330254.1537103782  150032.6260515517 -155747.1414170882
-5311096.918562031  11907843.81324965 -11054328.69078748  1869363.966626527  3258864.810920507 -670243.7451992551
  2439793.52429465 -11054328.68550952  43497925.43688247  -44055110.5227639   3405024.72252606   5766298.35605096
-330254.1500756174   1869363.95240859 -44055110.49660753  73664673.24060138 -33862908.89788052  2714599.755411042
 150032.6218971784   3258864.82352407  3405024.688213217 -33862908.86697984  45188757.12238917 -18140241.20844162
-155747.1399023594 -670243.7492065395  5766298.368834082  2714599.740083677   -18140241.203405  10485604.28744167

cov*(cov_.inverse()):
    0.9999999999545253  7.275957614183426e-11 -5.820766091346741e-10 -4.074536263942719e-10                      0 -1.164153218269348e-10
-1.818989403545856e-11      1.000000000029104  -2.91038304567337e-10 -1.164153218269348e-10  2.328306436538696e-10  1.164153218269348e-10
 1.818989403545856e-12  5.093170329928398e-11     0.9999999993597157  -4.94765117764473e-10  2.328306436538696e-10                      0
  -1.2732925824821e-11 -6.548361852765083e-11 -6.402842700481415e-10      0.999999999825377  4.656612873077393e-10                      0
-6.548361852765083e-11  1.527951098978519e-10 -6.984919309616089e-10  5.238689482212067e-10     0.9999999995343387  1.164153218269348e-10
 4.001776687800884e-11  2.182787284255028e-11  -2.91038304567337e-10 -1.164153218269348e-10 -2.328306436538696e-10                      1
