5
2

9.138521007148193e-05
0.0001916206244282454
0.0005601772681138211
  0.07602869394563733
   0.5618085630084354

-0.009900560571055823    0.1058811925041741   -0.5714519764543914    0.7617106375855386   -0.2862353842027135
  -0.1185402270184472     0.621491958110544   -0.5567101330811859   -0.3528074364327058    0.4065669700121341
    0.567049953096724   -0.5658247533247894   -0.3988156904414151  -0.04634905275535059    0.4439532741002864
  -0.7062263075267646   -0.3125045666018579   0.04068840698838899    0.2787570425750604    0.5694069398608083
   0.4068770658674545    0.4297908368680537    0.4503409429816293    0.4641875632869778    0.4810964882219194

0.0007867778798024
0.0013491911602859
0.0016940093181870
0.0019182871351725
0.0021964185022226

-0.003702568976036536
0.0004770857202225

-0.1287289977557637 -0.1752412065583114   4.735669401556579   5.627561191897295  -10.05958830276077
  1.344609241293881 -0.3406651565881219  0.4956645646516638  0.3231328436456423 -0.8227961683097662

 3.710041952069165e-08 -3.233203326247791e-07 -2.067718738693606e-06   -0.02208627158958557   -0.07020116333612191
 1.244472429201293e-09 -4.022793519119992e-08   1.18389493903148e-07  -0.006944535903116581     0.1193215492526611

cov:
0.05513511504478981 0.05647027766906718  0.0576675814081479 0.05847400156807972  0.0594590622267292
0.05647027766906718 0.05886763462740672  0.0610172855291597 0.06246553893344164 0.06423421126388977
 0.0576675814081479  0.0610172855291597 0.06402136511401589 0.06604546963033671 0.06851720150356286
0.05847400156807972 0.06246553893344164 0.06604546963033671  0.0684577563897719 0.07140340515633367
 0.0594590622267292 0.06423421126388977 0.06851720150356286 0.07140340515633367 0.07492771146499047

cov.inverse():
 1419202.060949885 -3154355.847471465  1754039.507703447  152177.7544490261 -171028.2050129533
-3154355.847316022  12881986.63946892  -15948821.2824218  3769315.484244369  2451929.020504847
 1754039.506805195 -15948821.28073114  48050257.04593474 -46713593.90973705  12857818.82921211
 152177.7556113993  3769315.481851107 -46713593.90854963  72871737.00788543 -30079295.69431857
-171028.2054325074  2451929.021362855  12857818.82881712 -30079295.69436204  14940464.63919348

cov*(cov_.inverse()):
     1.000000000001819 -1.746229827404022e-10 -3.492459654808044e-10  6.984919309616089e-10  2.328306436538696e-10
-5.456968210637569e-12     0.9999999998544808 -4.656612873077393e-10  9.313225746154785e-10                      0
 9.094947017729282e-12   2.91038304567337e-11     0.9999999991850927  1.164153218269348e-09 -1.164153218269348e-10
 2.546585164964199e-11 -2.619344741106033e-10 -4.656612873077393e-10      1.000000000465661  2.328306436538696e-10
                     0   2.91038304567337e-11 -2.328306436538696e-10                      0                      1
