5
2

0.0001047174657077405
0.0002061396836402717
0.0004579000887403944
  0.06135273154280056
   0.5430594600743014

-0.009033375911799216   0.09459006748471094   -0.5635592299202083    0.7677377026300635   -0.2897428714997622
  -0.1613012038172944    0.6417393214440327   -0.5442558524722602   -0.3313447228108745     0.395156686233098
   0.5831355398620993   -0.5258967652109523   -0.4262122305534766  -0.07401899186895404    0.4430009682379134
  -0.6763258769531152   -0.3383231334681217   0.04906469252447896      0.29027149178516    0.5843422648826693
   0.4200435335534469    0.4338126463656389    0.4495801951771718    0.4594052073335895    0.4713751386660234

-0.0164653987084017
-0.0182513364939889
-0.0202361816795113
-0.0215461188932597
-0.0231526325974077

 0.026454440216509
-0.0128514334695337

  1.034302722420081  -2.671774788642786   4.168026206895059   12.86505933773558   -15.3957909043843
  1.593393563295002 -0.7603133288762949  0.3473536041805407    1.35116589960738  -1.531618709558362

 1.285932994667922e-07 -6.160041630999125e-07 -1.581110137506447e-06   -0.01826802522553511   -0.05829064341917137
  1.31484847855658e-08 -8.443130358830942e-08  8.438140933792847e-08  -0.004916605420688185     0.1163109937822702

cov:
0.05375540097995807 0.05460044348535394 0.05556748241892657 0.05617054880841815 0.05690475627709927
0.05460044348535394 0.05593172302153337 0.05745559664886601 0.05840537268394125 0.05956223475383377
0.05556748241892657 0.05745559664886601 0.05961774160572073 0.06096491666790491 0.06260623223594966
0.05617054880841815 0.05840537268394125 0.06096491666790491 0.06255960876503597 0.06450263561867396
0.05690475627709927 0.05956223475383377 0.06260623223594966 0.06450263561867396 0.06681352360351479

cov.inverse():
 2241647.375561172 -3976446.405129021  1344810.248202388  419391.4042382004 -29331.14185429859
-3976446.405184958  11826574.66487859   -12011593.911235  1804120.860538719  2357181.240712069
 1344810.248480781 -12011593.91385221  36800014.15091276 -35061786.96803165  8929011.397397628
 419391.4039069913  1804120.865062785    -35061786.97505  56360939.27142528 -23523165.70554436
-29331.14174552337  2357181.238749206  8929011.402077202 -23523165.70836979   12266461.6349961

cov*(cov_.inverse()):
     1.000000000017508  5.820766091346741e-11 -5.820766091346741e-11                      0  1.164153218269348e-10
 4.706635081674904e-11      1.000000000058208  1.164153218269348e-10 -4.656612873077393e-10  1.164153218269348e-10
  2.91038304567337e-11  8.731149137020111e-11     0.9999999998835847                      0                      0
 3.342393029015511e-11  -2.91038304567337e-11  1.164153218269348e-10     0.9999999997671694                      0
 1.182343112304807e-11                      0                      0                      0                      1
