5
2

0.0001884829967293231
0.0002099023455143361
0.0005032020610792194
  0.08944318990492228
   0.5612970630909395

  0.2477521860824585  -0.6260836938956972   0.5973969260556118  -0.3974401829657322   0.1783151037706948
 -0.1821011424364397   0.4652338550573336  -0.0572416862524124  -0.7136124602773107   0.4877266446727919
  0.6026860254307674  -0.2690306485309847  -0.6597857740964769 -0.03167193077543121    0.357871046610831
 -0.6150184280223359  -0.3758660949869091 -0.09830522559322882   0.3306902416187128   0.6012129893402574
  0.4049443371108009   0.4218102145950254   0.4414284959257431   0.4716348273826295   0.4907114216010126

0.0007000793781869
0.0007408245312837
0.0007516287607580
0.0007929754584585
0.0007720152589475

0.000260892744700911
0.0009207839825554

  0.5630629918653302    3.381057339095952   -3.376178029684126    6.027951816701054   -6.595564508008035
   1.496530334353656 0.007162346805444864  -0.4969100486161903   0.5894373388354266  -0.5960962374337808

-2.687914261009458e-07  -2.57954311885097e-07 -2.263672671797664e-07   -0.02605769195083533   -0.07236620435416719
-9.632019711347515e-09 -4.194881534480561e-08  2.521668022648427e-07  -0.008301660094879166     0.1181990591394066

cov:
0.05468870176172774 0.05566361881091721 0.05680080973859793 0.05854386737258345 0.05964667864207563
0.05566361881091721 0.05718594907426756  0.0589584586457573  0.0616826670159383  0.0634043500137237
0.05680080973859793  0.0589584586457573 0.06146865604204388 0.06533206307020682  0.0677723125561714
0.05854386737258345  0.0616826670159383 0.06533206307020682 0.07095539923016279 0.07450563464615756
0.05964667864207563  0.0634043500137237  0.0677723125561714 0.07450563464615756 0.07875610394382897

cov.inverse():
 3914972.173832426 -6929393.605809812  2832360.388474407  102345.6718095227  79456.28790847186
-6929393.605893713  16232098.46461095 -10431550.84023055 -497419.6820144196  1627309.475121526
 2832360.388125185 -10431550.83937065  11839281.96973067 -5673639.311006908  1432363.773905653
 102345.6730156509 -497419.6846153078 -5673639.309471192   16008481.9422515 -9939197.328203797
 79456.28713550864  1627309.476778523  1432363.772880612 -9939197.328062691  6799914.792657615

cov*(cov_.inverse()):
     0.999999999996362 -7.275957614183426e-11 -8.731149137020111e-11                      0                      0
-2.728484105318785e-12      1.000000000116415 -1.455191522836685e-10                      0 -1.164153218269348e-10
 1.728039933368564e-11  -2.91038304567337e-11     0.9999999999126885                      0  5.820766091346741e-11
   1.2732925824821e-11 -1.455191522836685e-11 -1.309672370553017e-10                      1                      0
 2.091837814077735e-11  4.365574568510056e-11                      0                      0                      1
