5
2

9.921822721397177e-05
0.0001814340206290921
0.0006549892007517905
  0.08698182252110975
    0.595023663515594

-0.01789473982970676   0.3613382687133054  -0.7733024192815099   0.5138659917275893 -0.08402109692739794
-0.07523010912270656   0.6684318090700166  -0.1632742615322629  -0.6778249585545487   0.2478592108161196
  0.5886343767318679  -0.4392216913516532  -0.4177000510276706   -0.219477009614138   0.4878015846612183
 -0.7040029073360786  -0.2090915020043003 -0.06678705019120131   0.1303669035298624   0.6627251395885992
  0.3897559312693616   0.4312755752676412   0.4431828529542829   0.4597057546096385   0.5043324996904359

-0.0016147213007737
-0.0022669574485941
-0.0023972224275614
-0.0026974154804000
-0.0034930626145511

0.004583452744780989
-0.0008194839403038

 0.6188130348619871  0.1247191666567892  -2.246019579717115   7.200229219961989  -5.697822728446077
  1.423715114172113 -0.5382503452465832  0.1493246022628987  0.3558854117589278 -0.3903790862953905

 5.856874855775138e-08 -1.938632269411548e-07 -1.335104932413482e-06    -0.0238258635350114   -0.09348184428906885
-1.178978162621056e-09 -2.729776108892234e-08   3.18990929322781e-07  -0.008413569194319986     0.1259250244230311

cov:
0.05753403427224277 0.06062716576929922 0.06151234375594793 0.06274234621299299 0.06606522217009163
0.06062716576929922 0.06618427138063486 0.06777730170989164 0.06998832534301022 0.07596030261532301
0.06151234375594793 0.06777730170989164 0.06957377891668322 0.07206672776035246  0.0787999954904135
0.06274234621299299 0.06998832534301022 0.07206672776035246 0.07495045891393827 0.08273891340224508
0.06606522217009163 0.07596030261532301  0.0787999954904135 0.08273891340224508   0.093376925882527

cov.inverse():
 1012172.020851283 -2787065.657219389  1205729.087189153  313824.7248245571  255523.7036329171
-2787065.656907788  27285809.04788104 -31272211.78177381  5322637.130760136  1449509.425498283
 1205729.085994053 -31272211.77154557  61962264.25919425 -36790365.17917301  4895841.234324969
 313824.7259519611  5322637.117543903  -36790365.1654904  40893049.57171414 -9739107.343105448
 255523.7033890118  1449509.428797791  4895841.229676079 -9739107.341512311  3138093.102396391

cov*(cov_.inverse()):
     1.000000000003638  1.891748979687691e-10 -6.402842700481415e-10  2.328306436538696e-10                      0
-1.818989403545856e-11      1.000000000189175 -3.492459654808044e-10 -2.328306436538696e-10                      0
 7.275957614183426e-12 -8.731149137020111e-11     0.9999999993597157 -5.820766091346741e-10  1.164153218269348e-10
 1.818989403545856e-11  -3.92901711165905e-10   2.91038304567337e-10                      1  1.455191522836685e-10
-1.091393642127514e-11  -2.91038304567337e-11 -1.164153218269348e-10 -1.164153218269348e-10                      1
