5
2

 0.000223749563200563
0.0002843948596327532
0.0006395091144694903
  0.09627713382345211
   0.5652105354102261

  0.1571659235463729  -0.3763671980157633 -0.01759915502772724   0.7529517303969596  -0.5161400644864858
 -0.5032470560799127   0.6900919435256906  -0.3663421987537186   0.3349017610222176  -0.1554017821787921
  0.3615807141187339  -0.1314575594199096  -0.8025766224904268   0.1379292846954352   0.4345394972888099
 -0.6602427101679559  -0.4414488958420909   0.1087913631945473   0.2812850635373289   0.5274898940784976
  0.3941829827252521   0.4122652352186122   0.4577323098501261    0.471973227641832   0.4923205834297258

-0.0002087347354505
-0.0001401879226936
-0.0000760419363586
-0.0000163891212565
-0.0000136558953384

-5.021880314699901e-05
-0.0000225988140225

-0.1939488322374714   3.748473858600285  -4.107136351996681   5.321286059338356  -4.769006080893023
  1.324399570140154 0.09271333129588741 -0.5850219571194568  0.6444162381366175 -0.4764987501349078

 2.552828687716558e-07  5.428883544406834e-07    5.7053131674772e-07   -0.02773677825626866   -0.07904477535319936
 4.579374630230345e-08 -7.953486372258124e-09  3.345556916366719e-07  -0.009724244474164001      0.115662159371546

cov:
0.05367897119028518 0.05461687324405967 0.05697488694466196 0.05771265978371461 0.05876822385154013
0.05461687324405967 0.05610318579908948 0.05983979048280728 0.06100951301750432 0.06268186138178247
0.05697488694466196 0.05983979048280728 0.06704349685149597 0.06929954074034318 0.07252310008433939
0.05771265978371461 0.06100951301750432 0.06929954074034318  0.0718966032253756 0.07560642438993963
0.05876822385154013 0.06268186138178247 0.07252310008433939 0.07560642438993963 0.08001051868593788

cov.inverse():
   3944380.0614811 -5591553.909357436  1514590.513585614  401878.5677154851 -269247.1521851516
-5591553.909391975  8759743.351662215 -2735445.626708207 -2847379.361506563  2414580.555849138
 1514590.513643894 -2735445.626876424   3240505.92366988 -2052273.832115505  32577.96829621942
 401878.5677523189 -2847379.361387112 -2052273.832496371  12757516.59052405 -8259559.055519382
-269247.1522457147  2414580.555863354  32577.96856714691 -8259559.055743972  6081535.942719982

cov*(cov_.inverse()):
    0.9999999999781721   2.91038304567337e-11 -2.091837814077735e-11 -1.164153218269348e-10  1.746229827404022e-10
 4.365574568510056e-11     0.9999999999417923 -3.183231456205249e-12                      0  5.820766091346741e-11
                     0 -1.455191522836685e-10     0.9999999999931788                      0 -5.820766091346741e-11
                     0                      0 -2.455635694786906e-11     0.9999999998835847  1.746229827404022e-10
-1.091393642127514e-11                      0  -1.77351466845721e-11                      0                      1
