5
2

0.0001875197627770717
0.0002764735829739081
0.0004783704931561804
   0.1097967162593223
   0.5796858024911363

-0.003663120089563507   0.05879348176239507   -0.5278254029603843    0.7868955225612283   -0.3142064426714762
  -0.3965268988335209    0.7153308175094207    -0.426914006458601   -0.2133101942063634    0.3214209578728236
   0.5207520276956166   -0.3299752211805498   -0.5693028482050425   -0.1455322581737069    0.5240689915595451
  -0.6512215276140405   -0.4620827939523739   0.07730604869206045    0.2914041444894529    0.5210541362614778
   0.3840323523814362    0.4030396915485793    0.4572338755390075    0.4787464715545864    0.5018138682762959

-0.0001594779770792
-0.0001782038368147
-0.0002830896346975
-0.0003697728197894
-0.0004679101939795

0.001031110449523595
0.0001642916990225

  1.448669638948624 -0.4244902324139703   3.637862286184936  -1.392201083980161  -3.270068811978684
  1.655960248741414 -0.5600792680770211  0.3204826085045552 -0.1148680924841963 -0.3014601380981268

-7.097644924066129e-08 -2.434722162738348e-07 -6.150505948389282e-07   -0.03104970961906348   -0.08699080961854647
-7.167139176727131e-09  -9.68072286692951e-08  1.655499717194868e-07   -0.01187893530966771     0.1177717739188241

cov:
 0.0546714274804145 0.05563929373789624 0.05839841003645341 0.05949380696494207 0.06066777554004717
0.05563929373789624  0.0571600833177995 0.06149516932476308 0.06321607983577976 0.06506092716593251
0.05839841003645341 0.06149516932476308 0.07032469851433797 0.07382948356871161 0.07758765479789952
0.05949380696494207 0.06321607983577976 0.07382948356871161 0.07804248015850779 0.08256015974091081
0.06066777554004717 0.06506092716593251 0.07758765479789952 0.08256015974091081 0.08789259947969519

cov.inverse():
 3242475.344623482 -4467842.432362417  974110.8979204945  693398.3212513628 -442106.0680911576
-4467842.432389886  7268452.848143095 -4056827.481729072 -470706.6403824028  1726915.883943623
  974110.897481765 -4056827.480851975  11723621.38551255  -10258301.8474723  1617457.749297106
 693398.3222166947 -470706.6422174076 -10258301.84595697  18297050.76533971 -8261584.923441092
-442106.0685903074  1726915.884874083  1617457.748220137  -8261584.92279544   5359391.61471116

cov*(cov_.inverse()):
     0.999999999996362 -4.365574568510056e-11  7.275957614183426e-11 -1.746229827404022e-10  5.820766091346741e-11
-3.637978807091713e-12     0.9999999999708962 -4.365574568510056e-11 -1.164153218269348e-10 -5.820766091346741e-11
-4.365574568510056e-11  8.731149137020111e-11     0.9999999999272404 -2.328306436538696e-10  1.164153218269348e-10
                     0   2.91038304567337e-11  1.164153218269348e-10     0.9999999997671694                      0
-7.275957614183426e-12  -2.91038304567337e-11 -5.820766091346741e-11                      0                      1
