5
2

6.717025301930192e-05
0.0001107946703664197
0.0002237474061065026
  0.09087714216274974
   0.5900164314716861

-0.03461083265198214   0.2296822718123709  -0.6116013263892152   0.7008324235064093  -0.2842989201515379
 -0.2802778174023297   0.7287041136949625  -0.3390252859617977  -0.4217967240603518   0.3123844407244104
  0.6017882995181664  -0.3175439083749548  -0.5567837096166279  -0.1718354733258438   0.4443885457900801
 -0.6347454993423003  -0.3769958289064025 -0.06998705813261415   0.2786835653399585   0.6102536998291942
  0.3939485105480799   0.4162647954611109   0.4428311026079389   0.4730005055498154   0.5016964494685259

0.0000296068551172
0.0001354629607439
0.0002460709853145
0.0003616020729369
0.0004656782837451

-0.0008346379476289929
-0.0000207530564400

 0.8055675088471648  -1.419922253973391   2.968499189831838    4.20074155433243  -6.554986832949835
  2.134160265801807  -1.046205400002717  0.1507720568561112  0.3950500730147001 -0.6337957717527165

 1.190242738411702e-08 -7.471356344942523e-08 -2.178707799988439e-07    -0.0248858829973286   -0.09079945765894375
 2.286559870689932e-10 -2.180448366485187e-08  5.922672597375092e-08   -0.01030240693740671     0.1186749905757055

cov:
0.05735398442545147  0.0590632725035091 0.06109721787545204 0.06340691346784484 0.06560418498964428
 0.0590632725035091 0.06149464778638379 0.06438849545606763 0.06767475502213817 0.07080073912202073
0.06109721787545204 0.06438849545606763 0.06830646938701425 0.07275578174613793   0.076987829030482
0.06340691346784484 0.06767475502213817 0.07275578174613793 0.07852597979214127 0.08401418598269178
0.06560418498964428 0.07080073912202073   0.076987829030482 0.08401418598269178  0.0906970298334642

cov.inverse():
 13898842.05180187  -22217011.8282959  5739517.670970523  2188863.788620203  390200.6370519886
-22217011.82135884  56964321.61164132 -47728324.65680567  11727887.89228878  1252566.087202864
 5739517.642249857 -47728324.60419285  98461028.80130239 -81440763.91723572  24968214.73462029
   2188863.8268882  11727887.81039571 -81440763.86842041  123944685.3845672 -56419774.79063889
 390200.6205678898  1252566.123419355  24968214.70969835 -56419774.78544979   29808389.6528012

cov*(cov_.inverse()):
    0.9999999998835847 -1.164153218269348e-09  1.164153218269348e-09 -1.862645149230957e-09  4.656612873077393e-10
-2.510205376893282e-10      1.000000000087311 -2.328306436538696e-10  9.313225746154785e-10 -4.656612873077393e-10
-6.184563972055912e-11 -6.257323548197746e-10      1.000000001164153 -9.313225746154785e-10                      0
-1.891748979687691e-10 -1.455191522836685e-10                      0      1.000000001862645 -9.313225746154785e-10
 -2.91038304567337e-11 -3.201421350240707e-10  4.656612873077393e-10                      0                      1
