5
2

9.924304341274405e-05
0.0001323409748948669
0.0002159092706008463
  0.04777181924275307
   0.5627794990640759

  0.0368485841632152   0.1112436567240297  -0.5866812994505104   0.7417402816343333  -0.3031393048746945
 -0.3016417103810976   0.7640012967548158  -0.4025305556714116  -0.3140716002608018   0.2542488520638979
  0.6016972408662621  -0.2924211386784965   -0.540296510867576  -0.2264309762829688   0.4574483591748517
  -0.604175410628192  -0.3605775079756832 -0.05968636780456072   0.2991729129572179   0.6417858206483636
  0.4249552493259915   0.4340513861187911   0.4452992504693302   0.4586992104232069   0.4715040213690861

0.0001128828871627
-0.0000097446375841
-0.0001561870464177
-0.0003393865083170
-0.0005066546859512

0.002985445321671861
0.0007583021502469

-0.8281951653305846 -0.7429647681258532   9.634501590377152   3.420532844448719  -11.48390159698291
  2.901716106083509 -0.6532439514070953 -0.2328594143859168 -0.6965718397697395 -0.3191311259546921

 2.490061178131277e-09 -1.434416326618352e-07 -5.367626877750753e-07   -0.01404353509778445   -0.07281552983595146
-2.453086991395933e-09 -2.001848128268302e-08  9.670795291028035e-08  -0.004374672525181952      0.119048166085405

cov:
0.05802870705429013 0.05891706808145217 0.06001606750312189  0.0613248045103937 0.06257584688858935
0.05891706808145217 0.05996711414718252 0.06126577924181869 0.06281260946964685 0.06429099049340091
0.06001606750312189 0.06126577924181869  0.0628111608296337 0.06465213361576226 0.06641138323182808
 0.0613248045103937 0.06281260946964685 0.06465213361576226 0.06684389336858279   0.068938073932656
0.06257584688858935 0.06429099049340091 0.06641138323182808   0.068938073932656 0.07135210986101365

cov.inverse():
 13099411.58804685 -16516288.11117855 -2236007.635975502  5261549.180360681  391257.4100226363
-16516288.11515582  36418095.98514047 -20796358.93688649 -3902360.080770052  4797355.048145757
-2236007.625377596 -20796358.95063178  50460114.07959183 -34340143.65593699  6911582.229451339
 5261549.170298076 -3902360.067091356 -34340143.65760977  62592297.93790358 -29610551.49727314
 391257.4134644155  4797355.044235274  6911582.227976874 -29610551.49532997  17510031.34992914

cov*(cov_.inverse()):
     1.000000000236469 -5.820766091346741e-11  -2.91038304567337e-10  4.656612873077393e-10 -4.656612873077393e-10
 2.692104317247868e-10     0.9999999993597157  5.238689482212067e-10 -4.656612873077393e-10                      0
 1.418811734765768e-10 -5.238689482212067e-10        1.0000000007567 -6.984919309616089e-10                      0
 2.582964953035116e-10 -3.492459654808044e-10  5.820766091346741e-11                      1                      0
 1.964508555829525e-10  5.820766091346741e-11 -1.164153218269348e-10                      0                      1
