5
2

0.0001121128202158267
0.0002377602613246553
0.0004679133060449857
  0.07232135108402996
   0.5558112370952251

0.01026597369178545 0.03573729408063381 -0.4831225565277593  0.7972100686414859 -0.3600918735915501
-0.2398416205055675  0.6774113843734038 -0.5654533275060581 -0.2150517780921727  0.3429359714965661
 0.5671891211123974 -0.4665261575871283 -0.4901622112999345 -0.0740413332361553  0.4635824983375748
-0.6713802844720751 -0.3727514620771064 0.05735578230307332  0.3115776855958081  0.5567176314944025
 0.4122082257444225  0.4280728371895051   0.450895165904858  0.4643770730854447  0.4773735518913768

0.0001978149443600
0.0000413977822694
-0.0001083348162906
-0.0002872436961952
-0.0004547745905458

0.002713886547940633
0.0007231122293832

 0.4289338189378594   1.588836242224066    4.49751423853288 -0.6917278322201297  -5.823964244112224
  1.436194853078735  -0.151294319158313  0.4570252040235729 -0.3821121483683774 -0.3598483652451478

-7.113670021192913e-09 -1.932308932600756e-07 -1.171591725628348e-06   -0.02134041659680701   -0.06690534576011459
-4.858119895936152e-09 -4.220555246816573e-08  1.144267774696501e-07  -0.006281768709760148      0.118655618683323

cov:
0.05484904982021916 0.05582048188742548  0.0572163814722297 0.05804052147838158 0.05883475002837636
0.05582048188742548 0.05733638860150184 0.05951588338290273 0.06080310228163976 0.06204382764062989
 0.0572163814722297 0.05951588338290273 0.06282395517058846 0.06477809551090592 0.06666188954073274
0.05804052147838158 0.06080310228163976 0.06477809551090592 0.06712648520119303 0.06939040670067249
0.05883475002837636 0.06204382764062989 0.06666188954073274 0.06939040670067249 0.07202091835252966

cov.inverse():
  2495405.26333104 -4053414.389908201  734666.9892443519  1371680.508533292 -548215.1583730143
-4053414.389970502  9213293.495586626 -7105143.688027723  -152621.650841645  2097812.890119655
  734666.989389106 -7105143.688128973  25323098.63621277 -28325302.48893023  9372624.407250568
 1371680.508474657 -152621.6509475296 -28325302.48858907  51406412.12725606 -24300258.13740999
-548215.1583968491  2097812.890264514  9372624.406952897 -24300258.13723334   13378150.7457995

cov*(cov_.inverse()):
      1.00000000005457 -5.820766091346741e-11 -2.328306436538696e-10  2.328306436538696e-10 -1.164153218269348e-10
  2.91038304567337e-11     0.9999999999126885  2.328306436538696e-10 -4.656612873077393e-10 -1.164153218269348e-10
 1.455191522836685e-11  5.820766091346741e-11     0.9999999998835847 -2.328306436538696e-10                      0
  2.91038304567337e-11                      0  3.492459654808044e-10     0.9999999995343387  1.164153218269348e-10
 2.182787284255028e-11                      0                      0                      0                      1
