5
2

0.0001303155350870224
0.0002637489214926341
0.0005510831682683061
  0.06593738911400882
   0.5454086744796559

-0.01689265149581372   0.2127039985675619   -0.725456186511101   0.6442417720522663  -0.1146189683889099
 -0.2460928051744834   0.7354207062854003  -0.2667870206615238  -0.5002591492819365   0.2777772222020679
  0.5992046642305286  -0.3439327614181009  -0.4498416541569289  -0.2909140298600787    0.485464251416751
 -0.6374729208327855   -0.330573051986461 -0.00812449892450804    0.201770931450076   0.6660121742462883
  0.4168153249774911   0.4316770861230995   0.4473415761606582   0.4575487309074374   0.4800568208694365

-0.0392849716800983
-0.0429428569513718
-0.0467669366651368
-0.0493386781099221
-0.0550052541021539

0.05466166524746596
-0.0319786544497839

  1.111411565742302  -3.302754366375584   4.065344523629641    7.69758031013764  -9.574747438908858
  1.399816857199404  0.2637108966466793 -0.9558842483372497    0.95269745135092 -0.6602676099598894

 4.052001753041749e-08 -7.163257077876458e-07 -2.099853910157761e-06   -0.01944949205076899   -0.06493102339529475
 2.403557780883976e-08 -3.864473362009688e-08  1.762587086575876e-07  -0.005301088033366574     0.1156077461598326

cov:
0.05344797461894474 0.05443990729562864 0.05548846302262905 0.05617234481902263 0.05767658286937623
0.05443990729562864 0.05590738375662188  0.0574553992130082 0.05846441787975558 0.06068743723657084
0.05548846302262905  0.0574553992130082 0.05952854291685085 0.06087937053927139 0.06385803441897181
0.05617234481902263 0.05846441787975558 0.06087937053927139 0.06245277816107851 0.06592344409732649
0.05767658286937623 0.06068743723657084 0.06385803441897181 0.06592344409732649 0.07048207226562211

cov.inverse():
 2069761.636707538 -3491812.041618754  777874.3236091003  554885.1340078197  89084.79721895778
 -3491812.04173636  10828501.71796047 -11397461.34742238  3109970.297016346  951182.2234015731
 777874.3241481284 -11397461.34813926  32680095.23059808 -25171733.40520099  3111972.933995323
 554885.1334775971  3109970.297727075  -25171733.4052265  28316483.58670212  -6810848.41561538
 89084.79732779578  951182.2232900633  3111972.933843024 -6810848.415460423  2658948.380142712

cov*(cov_.inverse()):
    0.9999999999918145  -2.91038304567337e-11 -5.820766091346741e-11  1.164153218269348e-10  -2.91038304567337e-11
-3.456079866737127e-11      0.999999999992724 -3.201421350240707e-10  -2.91038304567337e-10  5.820766091346741e-11
-1.091393642127514e-11 -1.164153218269348e-10     0.9999999998835847 -3.492459654808044e-10  8.731149137020111e-11
-3.819877747446299e-11 -1.455191522836685e-11  -2.91038304567337e-11     0.9999999999417923   2.91038304567337e-11
-1.637090463191271e-11 -5.820766091346741e-11  -2.91038304567337e-11 -5.820766091346741e-11                      1
