6
2

6.466046396681789e-05
 0.000103333701749811
0.0001617658773635078
0.0003606974284901464
   0.1163845799932995
    0.630628407790247

-0.004828363289184782   0.04330806940999492    -0.237316565448624     0.615078045746832   -0.6963967036376285    0.2801652630118501
   0.1211806007877631   -0.4686633012057992    0.7041676698271666    -0.241488340301692   -0.3776579417257137    0.2624418514940201
  -0.3360020713372707    0.6766272712398645   0.06999236042476722   -0.4841812632947882   -0.2691928523324792    0.3427578239531463
   0.6371289956316925   -0.1326656790214347   -0.4999067869926159   -0.3939048538226583  -0.02394130798781461    0.4133103492058192
  -0.5830164532808093   -0.4055561430299459   -0.1994570112866145   0.04608630357657986    0.3248789945090019    0.5900530673190496
   0.3557429058842153    0.3722615874647998    0.3914587015041918     0.414301704281377     0.440251940558925    0.4649308627006182

-0.0000915413702823
0.0000360443099893
0.0001503978926663
0.0002689871045004
0.0003907883263359
0.0005017529744122

-0.0009159645740956036
-0.0000298435890111

 0.4319945028754894  0.1491125048815123  -1.318351743674628   3.133994721582253   4.110693061718789  -6.507555243490607
  1.456922568385444 -0.2785971290663004 -0.2498942253363349  0.2745847776168142  0.3833581584793383 -0.5864007766355763

-1.020565281590316e-08 -5.299406931570489e-08 -1.306064812088168e-07 -4.043647054085235e-07   -0.03263445154670145   -0.08920066604672877
-9.288598937237195e-10 -2.496821938696567e-09  -2.96398198916448e-08  9.503058492270454e-08   -0.01212836030352178     0.1299080962484052

cov:
0.05493338376778124 0.05586887525329627 0.05695718525916377 0.05824984008916605 0.05971953453472469 0.06111691995972834
0.05586887525329627 0.05733956440186165 0.05904941425493478 0.06108234219047416 0.06339263436738202 0.06558952920029701
0.05695718525916377 0.05904941425493478 0.06148123217838224 0.06437402746806692 0.06766071907953035 0.07078628601820251
0.05824984008916605 0.06108234219047416 0.06437402746806692 0.06829103269764498 0.07274072506094369 0.07697244382027554
0.05971953453472469 0.06339263436738202 0.06766071907953035 0.07274072506094369 0.07851107447790047 0.08399889319190988
0.06111691995972834 0.06558952920029701 0.07078628601820251 0.07697244382027554 0.08399889319190988 0.09068144277837165

cov.inverse():
    8815251.552794 -14706388.90161954  4918700.108216026   837013.169458268 -142525.0194376697  277814.0925956328
-14706388.90416316  38649516.12280612 -31045397.67823425  4852664.085503703  2426234.555646501 -175652.3018579179
 4918700.115722294 -31045397.69767313  62015824.81019776 -50619303.31640863  13994943.08443327  733325.9618351957
 837013.1611834106  4852664.122988466 -50619303.38706149  106098998.6628003 -88855059.45312031  27687476.33148416
-142525.0152620281  2426234.525377039  13994943.18958829 -88855059.55934799  132124808.3923462 -59549356.12344159
 277814.0917319547 -175652.2921771713  733325.9153999235  27687476.39626731 -59549356.15060514  31026642.17559819

cov*(cov_.inverse()):
     1.000000000058208  1.346052158623934e-10 -1.455191522836685e-10                      0 -1.862645149230957e-09                      0
 7.275957614183426e-12      1.000000000030923   4.43833414465189e-10 -9.313225746154785e-10 -1.396983861923218e-09  4.656612873077393e-10
 1.236912794411182e-10 -3.437889972701669e-10      1.000000000138243  4.656612873077393e-10 -1.862645149230957e-09  4.656612873077393e-10
 5.093170329928398e-11  9.822542779147625e-11 -1.164153218269348e-10     0.9999999981373549                      0 -4.656612873077393e-10
 6.548361852765083e-11  2.619344741106033e-10  1.818989403545856e-10 -9.313225746154785e-10     0.9999999990686774 -4.656612873077393e-10
-2.546585164964199e-11  8.185452315956354e-11   2.91038304567337e-10                      0                      0                      1
