5
2

0.0001461481265205832
0.0002780464797749635
0.0007072649508284627
   0.1004239467374489
    0.562720666252906

 -0.1533308172650592   0.5890572454332921  -0.7287181547348086   0.3131533746847268  -0.0201503588760647
 -0.4795005755831156   0.5869642184151288    0.336593234605005  -0.5488813804806303   0.1048161671479905
  0.5014643073421006 -0.01394372454835739  -0.3863657001762048  -0.5955095520612719   0.4943976538564492
  -0.577202680624465  -0.3637200735523041  -0.1153489453011431   0.1781560412431364   0.6996426368950983
  0.4024170379520839   0.4195209750938392   0.4394212237970542   0.4629179111436524   0.5046569871123185

0.0001488160731136
0.0002770446120696
0.0003844816990706
0.0004979453372291
0.0007040995153494

-0.0008615434490251962
0.0002241827611086

 0.2264742680820531   1.618415310422314   4.292770233885555  -4.988327679439647  -1.149778030606422
  1.481918763148622 -0.2366617691942524  0.2661160630361168 -0.3904727006939593 -0.1210321895820448

-8.006628916056661e-08  3.791088950307065e-07  4.174727370274174e-07   -0.02932378880793772   -0.07378023213160675
-1.453271720549054e-08 -4.316076898375284e-08  4.083343088323547e-07  -0.009623374037963038     0.1178478292257117

cov:
0.05463895244339376 0.05557559030655514 0.05666555714560639 0.05795113740908181 0.06023447003910282
0.05557559030655514 0.05706471703688961  0.0587972533559971 0.06084199614981678  0.0644738995199179
0.05666555714560639  0.0587972533559971 0.06127742625896956 0.06420543604108674 0.06940637958562804
0.05795113740908181 0.06084199614981678 0.06420543604108674 0.06817714612880639  0.0752320705402648
0.06023447003910282  0.0644738995199179 0.06940637958562804  0.0752320705402648 0.08558187433121126

cov.inverse():
 4577467.338234565 -7883135.638021274  2756238.099557268  559323.8219184629 -9866.822974544604
-7883135.638299865   20702174.9247314 -17530658.24342807  4485596.081268617  226279.1187730447
 2756238.099985441 -17530658.24382552  26625698.08785737 -12613678.61685012  761951.1566291766
 559323.8218173453  4485596.081207727 -12613678.61661229  9197091.808390966 -1628159.464389878
-9866.823023027466  226279.1189528285  761951.1564220346 -1628159.464314033  649807.7144636369

cov*(cov_.inverse()):
     1.000000000018986  1.073203748092055e-10 -4.365574568510056e-10  1.309672370553017e-10                      0
 2.262368070660159e-11      1.000000000160071 -1.891748979687691e-10  1.164153218269348e-10                      0
 -7.16227077646181e-12  2.310116542503238e-10     0.9999999999054126  1.455191522836685e-11  1.455191522836685e-11
  5.74118530494161e-11  5.456968210637569e-11 -2.182787284255028e-10      1.000000000145519  7.275957614183426e-12
 1.807620719773695e-11  3.274180926382542e-11 -5.820766091346741e-11   2.91038304567337e-11      1.000000000007276
