6
2

9.725502876700762e-05
0.0001477351340098838
0.0002498178860243866
0.0006344125641393441
  0.09494607638271477
   0.6604055593577638

-0.002084951720443051    0.0909057077538928   -0.5484708907575905    0.6823120794387796   -0.4280114973875174    0.2053481717028088
  0.07080345838156754   -0.2374236967225192      0.52006517688746   -0.1094147125729691   -0.6816805311525296     0.437594726230809
   -0.305029485072754    0.7895657342915682   -0.1382749976907877   -0.4092613937164883   -0.1864148991704957    0.2493543391701268
   0.6450459964486911   -0.1611782689258829   -0.4801342927429507   -0.4339500568507157   0.06251150328487405    0.3676791388427179
  -0.5980495615003341   -0.3792941021185241   -0.1460983766149496  -0.03093377910271193    0.3465481663579509    0.5967205712410152
   0.3580389936146017    0.3769743247081314    0.3971375631653407    0.4070801002351082    0.4397317105576544    0.4614130559574577

-0.0016644999564104
-0.0028408535435044
-0.0041376989631813
-0.0047052268499786
-0.0068502714860523
-0.0082715129318017

0.01626571799343783
0.0006464463881462

 -0.2309391857537589    1.828721158509183   -3.351952839346906    3.024590921629255    7.906486847949883   -9.175323464535037
   1.334463497667535   0.2235746867291226   -1.260457511332195    1.330236376016156  -0.5734269816612882 -0.05386752207562515

-1.134378859987406e-08 -2.603687396433864e-07 -1.885881848439288e-07 -1.217974432751167e-06   -0.02609306183029149    -0.1090866349234871
 1.750656945601873e-08 -8.563147058251244e-09 -3.165290925167085e-08  3.207904658388067e-07  -0.008750969745787745     0.1421803534053591

cov:
0.05913346897270889 0.06091068676147628 0.06280196186965881 0.06373365651005092 0.06679733632898328 0.06883427989225577
0.06091068676147628 0.06327600982373591 0.06579370323511102 0.06703458658790763 0.07111217723083439 0.07382144397957327
0.06280196186965881 0.06579370323511102 0.06897904602497762 0.07054945435877757 0.07570764438952284 0.07913343823121248
0.06373365651005092 0.06703458658790763 0.07054945435877757  0.0722825665549008 0.07797423849384974 0.08175376352402496
0.06679733632898328 0.07111217723083439 0.07570764438952284 0.07797423849384974 0.08541554405854244 0.09035518298868633
0.06883427989225577 0.07382144397957327 0.07913343823121248 0.08175376352402496 0.09035518298868633 0.09606412098873575

cov.inverse():
 2754851.287523202 -4907617.042718722   1714354.00129176  799471.9474130827 -1105772.617643452  744803.4862488625
 -4907617.04291914  13510165.87809378 -12485800.79296111  2743933.139109639  918372.2683192901  220791.2993356398
 1714354.003354106 -12485800.79721955  45075422.30865914 -40747823.01223797  8914301.636523264 -2471527.274665257
 799471.9448069029  2743933.143931548 -40747823.01281227  52920260.82589062 -26303120.19136271  10587885.37659282
-1105772.616446591  918372.2679094361  8914301.631198175 -26303120.18670133  41225538.24735376 -23647349.33016802
 744803.4857962329  220791.2989818614 -2471527.270962595  10587885.37357339 -23647349.33004496   14563974.4681111

cov*(cov_.inverse()):
     0.999999999992724 -6.730260793119669e-11 -6.402842700481415e-10 -2.328306436538696e-10 -2.328306436538696e-10 -2.328306436538696e-10
-5.093170329928398e-11      0.999999999992724  3.492459654808044e-10 -5.820766091346741e-10  4.656612873077393e-10 -4.656612873077393e-10
 -2.91038304567337e-11  5.820766091346741e-11     0.9999999997380655 -6.984919309616089e-10                      0 -2.328306436538696e-10
-5.820766091346741e-11  1.746229827404022e-10 -1.746229827404022e-10     0.9999999998835847 -2.328306436538696e-10 -2.328306436538696e-10
-4.365574568510056e-11  2.764863893389702e-10 -4.365574568510056e-10  1.164153218269348e-10                      1 -4.656612873077393e-10
                     0 -4.729372449219227e-11 -8.731149137020111e-11                      0                      0                      1
