5
2

0.0001146487969937183
0.0001533856739426901
0.0005333545830455002
  0.05488852771723909
   0.5495282964946796

-0.001843055923901663     0.141623295071708   -0.5978941045135292    0.7377433692837768   -0.2796369187065249
 -0.08354482508003912    0.6687894285333911   -0.5100084529061808   -0.4136494332294137    0.3384176219370902
    0.533886629782505   -0.5399963306815639   -0.4265073601313993   -0.0556005032183195    0.4882305655994306
  -0.7286332964640758   -0.2188915335497927  0.006057019802918031    0.2689689283680488    0.5905921129745673
   0.4208033402559668    0.4394928918261128    0.4477374253031133    0.4573763954132517    0.4691573059917761

0.0003403909216274
0.0006729598219555
0.0007377727021270
0.0008132346942441
0.0009016363084778

-0.001594415919059125
0.0003236731614409

-1.665916281333492  2.636895347467004  2.837636557690974  11.96671025561601 -15.77561296948235
 1.140962459987064 0.1053475135721173 0.2078622477269116 0.9732295478223715 -1.427436976117501

 1.566768654398042e-07  -2.31349213808746e-07 -3.382623644505963e-06   -0.01640275045597204   -0.06026447517835637
 1.321920259241596e-08 -2.391591342045858e-08 -8.176377350272689e-08  -0.004321514596656939     0.1192608120194689

cov:
0.05507305355626659 0.05632887908558418 0.05688276588647847 0.05753055013684277 0.05832166356506236
0.05632887908558418 0.05847335117706145 0.05941917139687519 0.06052500823200229 0.06187638183656189
0.05688276588647847 0.05941917139687519 0.06053801229069802 0.06184602258830531 0.06344470214996495
0.05753055013684277 0.06052500823200229 0.06184602258830531 0.06339040205952823 0.06527816844998792
0.05832166356506236 0.06187638183656189 0.06344470214996495 0.06527816844998792  0.0675196011783793

cov.inverse():
 1299098.509185592 -3408134.486374501  1094403.734955731  1261007.639252258 -246342.4421790732
-3408134.486198333  21562177.92301757 -20129996.46673522 -3704192.717826362  5680173.729109422
 1094403.734465962 -20129996.46576909  38891426.15232842 -24507355.44846401  4651748.893712399
 1261007.639698998 -3704192.718859558 -24507355.44804169  48690381.23215696 -21740339.63043787
-246342.4423122142  5680173.729352677  4651748.893766415 -21740339.63060199   11654989.3402485

cov*(cov_.inverse()):
    0.9999999999890861                      0  3.492459654808044e-10 -2.328306436538696e-10  1.164153218269348e-10
 1.818989403545856e-12     0.9999999999417923  6.984919309616089e-10 -2.328306436538696e-10                      0
-1.455191522836685e-11 -5.820766091346741e-11      1.000000000349246                      0                      0
 1.818989403545856e-12  5.820766091346741e-11  2.328306436538696e-10     0.9999999997671694                      0
 7.275957614183426e-12                      0  5.820766091346741e-11                      0                      1
