5
2

9.813578225286339e-05
0.0001375144300163999
 0.000329822791618957
   0.1165513232728156
   0.5738737061843113

-0.07421426212362017   0.3178405547463364  -0.5186292826049158   0.6791147447550773  -0.4040995616638854
 -0.2826001936054965   0.7156262112042583  -0.3392023641141337   -0.426744735344978   0.3329368460328501
  0.6561943990071303  -0.2481282968889089  -0.6281821438156867  -0.1008757613479507   0.3210179651643816
 -0.5752393039449253  -0.3971570354766256  -0.1903334341464624    0.335845874176427   0.6019524607583744
  0.3913285419953569   0.4093350034512168   0.4302624797042328   0.4834498152680727   0.5103501757082206

-0.0001391994065557
-0.0000344229252572
0.0000540552528223
0.0002279737901815
0.0003054964025435

-0.0006119417131910146
-0.0000383556405681

   0.4109421765891662 -0.002304705433384846    0.1654913892867011     6.783267415073785    -7.357568847082361
    1.454087919547921   -0.2904586499007846   -0.1201804613562762    0.6175131243255889   -0.6609926976818457

 7.187098064259903e-08 -1.043512400575623e-07 -3.132852407085139e-07   -0.03284319349268812   -0.08051894508945351
 5.283023978352286e-09 -2.007526100414606e-08   8.99905738855269e-08   -0.01207247047300094      0.118434333559348

cov:
0.05492817181883227 0.05585714827283621 0.05693803482946207  0.0596810211102665  0.0610684731427454
0.05585714827283621 0.05732381396773106 0.05902914502975835 0.06336037190971915  0.0655510544869117
0.05693803482946207 0.05902914502975835 0.06145983139480283 0.06763591867901002 0.07075961236503195
 0.0596810211102665 0.06336037190971915 0.06763591867901002 0.07850468031737128 0.08400163584725188
 0.0610684731427454  0.0655510544869117 0.07075961236503195 0.08400163584725188 0.09069888143154838

cov.inverse():
 8753444.433090793 -14640567.08392827  5276463.915382174  535594.6561873581  74904.51569649164
-14640567.08339632  38137398.58437299 -28520067.82580119   6493509.51018947 -1469324.538852507
 5276463.914218599 -28520067.82431077  37641222.73640441 -28334465.37836123  13935762.13955274
  535594.657654561  6493509.508105117 -28334465.37791272  57612385.83004152 -36306547.11109857
 74904.51486093308 -1469324.537726613  13935762.13943104 -36306547.11126719   23765041.6054856

cov*(cov_.inverse()):
     1.000000000033651 -1.746229827404022e-10  3.492459654808044e-10                      0                      0
 1.100488589145243e-10      1.000000000145519  6.984919309616089e-10 -4.656612873077393e-10                      0
-7.457856554538012e-11  2.473825588822365e-10     0.9999999998835847 -4.656612873077393e-10 -2.328306436538696e-10
-7.639755494892597e-11 -1.455191522836685e-11 -4.656612873077393e-10      1.000000000931323 -4.656612873077393e-10
 3.092281986027956e-11  5.820766091346741e-11                      0                      0                      1
