5
2

0.0001785034313686913
0.0002842376961193341
0.0005144511499639298
   0.1095284576787752
   0.5821757476014825

-0.005335621405594864   0.06744473819059865   -0.5417288958457842    0.7815336634477047   -0.3019232928052002
  -0.3588864011726244    0.6876392238947796    -0.456751227450363   -0.2372784039263067    0.3652808837970014
   0.5466220450106229    -0.382493378764167   -0.5312469729655603   -0.1368143853025489    0.5039460613986293
  -0.6522875345983431   -0.4629156752687298   0.07941017136423484    0.2909970971089884    0.5188880071423472
   0.3832719586841682    0.4025063947862867    0.4575792805920372    0.4790684767093547    0.5022009602129404

0.0000068858062963
0.0001096872708507
0.0003474641375982
0.0003959676345943
0.0004399609386985

-0.0006352410302061381
0.0001099838031560

 0.8506968863338061 0.03072863458893378   4.508825384808952  -1.879721838160441  -3.510756124898136
  1.567722639933246 -0.4469903010624703  0.3579745881719454 -0.2136941379823516 -0.2650016941858576

-9.094200139710376e-08 -2.569139446157817e-07 -9.141626914521872e-07   -0.03094804699919009   -0.08881921060906123
-1.017834339646033e-08 -8.722226162878441e-08  1.941120986162091e-07   -0.01183993937591447     0.1183847765634744

cov:
0.05489206978668805 0.05590862903486354  0.0588189248421096 0.05995476041578957 0.06117650573769507
0.05590862903486354 0.05748111091623071 0.06198242466088796 0.06373895749324897 0.06562911839738028
 0.0588189248421096 0.06198242466088796 0.07104021353927401 0.07457438252669697  0.0783789281869821
0.05995476041578957 0.06373895749324897 0.07457438252669697 0.07880223557974876 0.08335374928304205
0.06117650573769507 0.06562911839738028  0.0783789281869821 0.08335374928304205 0.08870983162942336

cov.inverse():
 2724137.540940566 -3855859.960863319  1022445.529839627    640569.22693189 -531266.4519958929
-3855859.961022031  6548288.909053382 -4266456.018059465 -167581.5343637263  1741615.412081035
 1022445.530628496 -4266456.019386352  12858838.36878313 -11671216.46198423  2056500.172947261
 640569.2260943806 -167581.5326206052 -11671216.46364649  19936728.06211928 -8738751.272616172
-531266.4517885461  1741615.411506079  2056500.174071524  -8738751.27337282  5472028.696288959

cov*(cov_.inverse()):
    0.9999999999890861  1.455191522836685e-11 -1.455191522836685e-10  3.492459654808044e-10                      0
 -2.91038304567337e-11     0.9999999999563443  8.731149137020111e-11                      0                      0
                     0 -5.820766091346741e-11      0.999999999825377  2.328306436538696e-10  5.820766091346741e-11
 -2.91038304567337e-11   2.91038304567337e-11 -8.731149137020111e-11                      1  5.820766091346741e-11
-1.455191522836685e-11                      0                      0                      0      1.000000000058208
