5
2

9.106294488950888e-05
0.0001236236251959458
0.0003041378119540729
  0.05273062413806448
   0.6050930532181814

-0.03326169523916377   0.3330691306151901  -0.6883155407019274   0.6057786760094332   -0.217284435663326
 -0.1017584102439754   0.6329850477407842  -0.3229153797634083  -0.5853106259890997   0.3769778294511728
  0.5923525044224602  -0.4797373853039544  -0.4698872512913758 -0.08057638345424731   0.4378172782673551
 -0.6840922204019432  -0.2644592917972483 -0.05754627410539012   0.2658994423867732   0.6229486574691595
  0.4119165328855049     0.43394493624383   0.4447940774683158   0.4617884794625602   0.4805478031670627

-0.0035231823295467
-0.0048361962194690
-0.0054114487368408
-0.0064459822817686
-0.0075973533887772

0.01653621482237912
0.0000171707439518

  2.513209495537113  -5.172820048681723   5.127320939721067   8.481196272621368  -10.94818504631816
  2.694244609904617  -2.511330323239005   1.563615483025796 0.04460392231672802 -0.7907555024953796

 1.808488562847583e-08 -2.181941667563151e-07 -3.621969073405435e-07   -0.01449021945657101    -0.1001357342808108
-1.495531564930415e-08 -4.115530654072887e-08  1.587480013386169e-07   -0.00486503830784042     0.1303865380463632

cov:
0.06342574783128979 0.06594977359364206 0.06719244740292166 0.06914029655135194 0.07129041538343407
0.06594977359364206 0.06914121004340042 0.07071279752646392 0.07317507171880007 0.07589305342974018
0.06719244740292166 0.07071279752646392  0.0724465457845221 0.07516240627776478 0.07816031815886054
0.06914029655135194 0.07317507171880007 0.07516240627776478  0.0782749297138137 0.08171068461061252
0.07129041538343407 0.07589305342974018 0.07816031815886054 0.08171068461061252 0.08562980447693369

cov.inverse():
 4604449.507811141 -8622697.406657493  1901913.282977062  951322.8638968165  1165042.099239178
-8622697.406393487  42082995.84576259 -38583940.14322139  506682.6363180656  4615685.885989357
 1901913.284305023 -38583940.14665526  66343579.18302058  -37506116.3518848  7846333.815406142
 951322.8607097854  506682.6438286706 -37506116.35555807  66740012.32606905 -30692070.61429038
 1165042.100834229  4615685.882176654  7846333.816973431 -30692070.61363997  17064669.62980795

cov*(cov_.inverse()):
     1.000000000014552  1.164153218269348e-10  1.164153218269348e-10  9.313225746154785e-10 -2.328306436538696e-10
-1.600710675120354e-10      1.000000000465661 -5.820766091346741e-10  9.313225746154785e-10 -4.656612873077393e-10
 5.820766091346741e-11 -4.656612873077393e-10     0.9999999997671694 -4.656612873077393e-10 -2.328306436538696e-10
-1.309672370553017e-10  5.820766091346741e-11  4.656612873077393e-10                      1                      0
-5.820766091346741e-11  5.820766091346741e-11 -2.328306436538696e-10                      0                      1
