5
2

0.0001395951259521208
0.0002407058515025267
0.0005559468873433147
   0.1042617535431374
   0.5713545083404556

  -0.045547819084715   0.2155335917231432  -0.5079890331239715   0.7330464349521861  -0.3950452296196095
 -0.3365722271350788   0.7277905534654131  -0.3833365677558063  -0.3280096630822574     0.32016055808563
  0.5901730873569787  -0.2811550868590174  -0.6276925685554395 -0.09350732769457147   0.4121965103449149
 -0.6176532635158225  -0.4190648969294291 -0.07143584305867438   0.3409263907804674   0.5670583520464906
  0.3935031195883272   0.4113424490862257   0.4426049906561629   0.4796646337446382   0.4999753452270229

-0.0017360143219994
-0.0013961653144281
-0.0007743953902633
-0.0001860449514654
0.0001347011773426

-0.003940119923315097
-0.0020479027067198

0.002357996898448664    1.024644501643683    2.295644663375131    1.003628257097539    -4.32694240086104
   1.379797625622459   -0.134904744200483  0.04645178464801193  0.02141492943743281  -0.3127411517976343

 2.922278727845826e-08 -1.071638267935986e-07 -1.114237406916827e-06   -0.02941893248312954   -0.07948570923523685
 4.623197108875498e-10 -3.983572502409262e-08  2.139362207529964e-07   -0.01053420733174204     0.1181510918414286

cov:
0.05469559734584845 0.05565364965688644 0.05733546320779256  0.0593274621077944 0.06041830910149923
0.05565364965688644 0.05714459642318383 0.05975893774110503 0.06285681225595004 0.06455400235117817
0.05733546320779256 0.05975893774110503 0.06400610634051618 0.06904039412886186 0.07179931730822919
 0.0593274621077944 0.06285681225595004 0.06904039412886186  0.0763715972680002 0.08038995381287152
0.06041830910149923 0.06455400235117817 0.07179931730822919 0.08038995381287152 0.08509897657835257

cov.inverse():
 3188579.563127321 -5268384.553783069  2215622.450267603  13456.52535358566 -149416.9033851461
 -5268384.55384885  11781644.51921273 -9862807.648484578  4072687.956411815 -722755.6056914617
 2215622.450525608  -9862807.64879502  17053424.13830601 -16749255.42190898  7342828.669335745
 13456.52491194174  4072687.956943754 -16749255.42191108  29460690.56539884 -16797849.22262738
-149416.9031357328 -722755.6059787334    7342828.6692854 -16797849.22253918  10327427.62196042

cov*(cov_.inverse()):
     1.000000000010914 -9.458744898438454e-11  1.164153218269348e-10  2.328306436538696e-10                      0
 3.092281986027956e-11     0.9999999999490683  5.820766091346741e-11                      0  2.328306436538696e-10
-5.456968210637569e-12 -1.164153218269348e-10                      1                      0                      0
 1.818989403545856e-11 -1.164153218269348e-10  2.328306436538696e-10      1.000000000232831  1.164153218269348e-10
-1.091393642127514e-11 -2.182787284255028e-11                      0                      0                      1
