6
2

9.190493216419633e-05
0.0001369934575028852
 0.000242445122052744
0.0005576969555649795
  0.08010686981077811
   0.6129706241636561

 0.00805147528166481 -0.01584382729818517  -0.1830105217758411    0.642611707388525  -0.7008679454065374   0.2490494176473655
 0.03342984056214234  -0.2301391325186021   0.7235327744573463  -0.3860518116711779   -0.433342200423066   0.2925701382019816
 -0.2590840277798355    0.761546540200258  -0.2153184729188623  -0.3965501876860116  -0.2129937301252373   0.3224002302291519
  0.6220965241409642  -0.2816988317492762  -0.4728870059638123    -0.32300966537632 0.001989492072423029   0.4535199669564474
 -0.6361491207684906  -0.3692861720060733  -0.1018270407520603  0.07640696407167825   0.3073836206110259   0.5901275783283322
  0.3741701442557426   0.3887226662870862   0.4033045521532558    0.413024058371449   0.4256097779219864   0.4410263872132059

0.0007430632770980
0.0008012617799784
0.0009311962076386
0.0009329740419622
0.0009265253291476
0.0009260676641311

-6.694849220390658e-05
0.0009145207781238

    0.569513446524739    -1.138847600373768    0.4452197258923191     4.263584438996156     5.429401730880825    -9.569211963941944
    1.590045836230363   -0.6047750681572075 -0.004618697597756127    0.4570781167164596    0.3422640420814866   -0.7803278629041237

-2.962634089664551e-08 -1.162657747157389e-07 -4.139832917477408e-07 -1.630285822436869e-06   -0.02335474924196542   -0.07460079730373705
-9.905137903283918e-10  -6.83273314538032e-09 -8.095471030280207e-08  2.055435011929809e-07   -0.00711056642474197     0.1308697395772561

cov:
0.05520089403999546  0.0561572159718234 0.05711540140336976 0.05775428524867689 0.05858084520610445  0.0595940877321362
 0.0561572159718234  0.0576504255716775 0.05914635404164546 0.06014355891182292 0.06143440100875272  0.0630160367785878
0.05711540140336976 0.05914635404164546 0.06118130397737389 0.06253764714027435 0.06429384492412239 0.06644517839021788
0.05775428524867689 0.06014355891182292 0.06253764714027435 0.06413337779387855 0.06619972160141868 0.06873075008271243
0.05858084520610445 0.06143440100875272 0.06429384492412239 0.06619972160141868 0.06866798599549505 0.07169104148420714
 0.0595940877321362  0.0630160367785878 0.06644517839021788 0.06873075008271243 0.07169104148420714 0.07531650631929795

cov.inverse():
 2453538.284900795 -4345130.468584449  1117602.032251226  1026694.861256931 -497231.3238235246  244551.7410816284
-4345130.468615775   12973601.4299852 -10890626.84211398 -1316449.902421546  3867321.783443158 -288687.7450281823
 1117602.032721223 -10890626.84228269  33367396.60488439 -26863196.42772543 -743765.0618775686  4012772.166302811
 1026694.859739055  -1316449.90094635 -26863196.42175539  59841990.47673046 -42973129.37145498  10283348.71891544
-497231.3221095568  3867321.781039856 -743765.0712589549 -42973129.35842169  68933904.07186486 -28586291.49454416
 244551.7404468741 -288687.7439626792   4012772.17001526  10283348.71180967 -28586291.49158153  14334022.49489492

cov*(cov_.inverse()):
     0.999999999998181 -8.003553375601768e-11  -2.91038304567337e-10  8.149072527885437e-10                      0 -1.164153218269348e-10
-4.365574568510056e-11      1.000000000080036                      0 -2.328306436538696e-10  4.656612873077393e-10 -1.164153218269348e-10
-3.456079866737127e-11  -2.91038304567337e-11      0.999999999825377  3.492459654808044e-10 -4.656612873077393e-10  1.164153218269348e-10
 1.818989403545856e-11 -8.731149137020111e-11 -5.820766091346741e-11      1.000000000814907 -2.328306436538696e-10  1.164153218269348e-10
-1.091393642127514e-11 -1.455191522836685e-11 -1.746229827404022e-10  2.328306436538696e-10      1.000000001164153 -3.492459654808044e-10
-1.455191522836685e-11 -7.275957614183426e-11 -5.820766091346741e-11  3.492459654808044e-10                      0                      1
