5
2

0.0001449291060204664
0.0002107627892249159
0.0004577134671925836
    0.038537608969696
    0.566909756467639

 0.02934206602866988  0.07993748649391015  -0.5768803653406622   0.7585064793095402  -0.2909054938361853
 -0.1245885532254044   0.6906698547881011  -0.5323674611036463  -0.3511255207231651   0.3174091982711396
  0.6052145677014068  -0.4890843545845982  -0.4284392658459403  -0.1286137005320105   0.4409196442203732
  -0.655141687737836  -0.2873841676212208 -0.02458663482780169   0.2819383783123594   0.6388317129034217
  0.4337296757156346   0.4413524490033384   0.4467988622542788   0.4531534579062497   0.4605532590681097

0.0016944818539593
0.0018996732830427
0.0019108546057412
0.0019263367577140
0.0019424931709423

-0.000356949055295385
0.0018330118189343

-4.949264882010863  5.535746320570427   8.66739282371852  9.612420096058582 -18.86618676437287
0.7128963857952468 0.7230370975392908 0.6708855191006128 0.7686565338329334 -1.875467586426691

 1.696445813558624e-07 -4.236741831609732e-07 -3.974460814033267e-06   -0.01173819795728153   -0.05265245690840316
 1.723015110049853e-08 -3.606013083270206e-08 -2.378670510192175e-07  -0.002484245650449244     0.1326157286569075

cov:
0.06109723928533725 0.06180185064193904 0.06230536988139236 0.06289296288457639 0.06357727480881623
0.06180185064193904 0.06272627679164176 0.06338661327894572 0.06415712940307623 0.06505438820539308
0.06230536988139236 0.06338661327894572 0.06415912752098978 0.06506037687994692 0.06610986670907187
0.06289296288457639 0.06415712940307623 0.06506037687994692 0.06611420271837186 0.06734128701753633
0.06357727480881623 0.06505438820539308 0.06610986670907187 0.06734128701753633 0.06877524789397522

cov.inverse():
 2139077.493590819 -3238224.822203443 -550402.9379403689  1672735.817294636 -23163.86970066999
-3238224.822377773  12184786.68051524 -9472658.363572333 -2272525.432919557  2798603.300374152
-550402.9380335038 -9472658.365080442  23100223.13251306 -16361021.23888375  3283894.646538211
 1672735.817920201 -2272525.430748113 -16361021.24313555  30245449.86599689 -13284616.89299997
 -23163.8700587565  2798603.299536487  3283894.649188752 -13284616.89445476  7225239.415791887

cov*(cov_.inverse()):
    0.9999999999577085  8.731149137020111e-11 -1.164153218269348e-10 -2.328306436538696e-10  5.820766091346741e-11
-3.365130396559834e-11      1.000000000261934 -5.820766091346741e-11 -3.492459654808044e-10 -5.820766091346741e-11
-2.000888343900442e-11  8.731149137020111e-11     0.9999999995925464                      0  5.820766091346741e-11
 2.000888343900442e-11   2.91038304567337e-11 -3.201421350240707e-10      1.000000000116415 -5.820766091346741e-11
-9.322320693172514e-12  -2.91038304567337e-11  -2.91038304567337e-11 -1.164153218269348e-10                      1
