6
2

8.914732086196851e-05
0.0001241615578178244
0.0001922276677417865
0.0006301291493100702
  0.07668110275646987
   0.6137617959129973

 0.004731116147549848 -0.009012888341100806   -0.1884145492378556    0.6428585679218166   -0.6993220855395147    0.2491542179964447
  0.02710714270130204   -0.3952356650845976    0.7756382911358658    -0.255170528975065   -0.3631560596931221    0.2108195689073764
  -0.1240161356889858    0.6688282175113924  -0.08523258746857153   -0.5213058483821325   -0.3271587291594495    0.3888850703743661
   0.6203460652133527   -0.3990280217385104   -0.4232331367090125   -0.2752389379992333   0.02975730337767327    0.4474138343166816
   -0.678079710064299   -0.2865598934126208    -0.120429385114643   0.06466850519297999    0.3013531606376871    0.5904171021381023
    0.373150751864132     0.393746641514844     0.402481155068285     0.412216674432077    0.4246577897424808    0.4398570147503652

0.0007591328703514
0.0013154107164507
0.0014739936895239
0.0016534846439109
0.0018731155260218
0.0021460283421185

-0.003633479251388067
0.0004590805760787

  -0.15609641779412   0.343449365205109  -1.041318705069588   5.119002084612283   6.035842218654245  -10.30121282221995
  1.338990728548347 -0.2560370350829323  -0.173756949114912   0.566832367097863  0.3886558075171904 -0.8647403743543635

-2.626110171940497e-08 -1.020164514324539e-07 -3.071188942595118e-07 -2.236020163053915e-06   -0.02233939025424019   -0.07529622182531287
-6.475046860096127e-10 -7.174143496264383e-09 -3.996011291402753e-08  1.886038045620912e-07  -0.006882093220281792     0.1308062090167628

cov:
0.05515648707894009 0.05649030911129701 0.05705571384905613 0.05768624235231704 0.05849144327394824 0.05947552810440554
0.05649030911129701  0.0588856946171863 0.05990130112854743 0.06103341703537828 0.06247990559715183  0.0642472260779761
0.05705571384905613 0.05990130112854743  0.0611079735568327 0.06245292552578809 0.06417154544307596 0.06627123226296379
0.05768624235231704 0.06103341703537828 0.06245292552578809 0.06403507491504584 0.06605693051060203 0.06852697887384893
0.05849144327394824 0.06247990559715183 0.06417154544307596 0.06605693051060203 0.06846654054056245  0.0714101577971754
0.05947552810440554  0.0642472260779761 0.06627123226296379 0.06852697887384893  0.0714101577971754 0.07493222031128691

cov.inverse():
 1435970.946768232 -3568431.639193279  876528.3430617625  1253597.893836603  89584.51676345144 -87204.54807090099
-3568431.638761482  22650144.99590331 -20789419.81086311 -3346161.213896822  4152089.892514623  901705.0740926682
 876528.3423550201 -20789419.81108639  44139805.37681379 -26583700.48338824 -969127.0242103875  3326172.219464282
 1253597.893906333 -3346161.206172256 -26583700.50353033  63770245.55242044 -45962764.97456715  10868272.62969761
 89584.51706463342  4152089.880908943 -969126.9913545903 -45962765.00035763  72990895.18690313 -30300250.16287315
-87204.54816681998  901705.0786287265  3326172.205820726   10868272.6431403 -30300250.16711255  15291175.23636959

cov*(cov_.inverse()):
     1.000000000003638  1.455191522836685e-10 -2.037268131971359e-10  5.820766091346741e-10 -6.984919309616089e-10  5.820766091346741e-10
 2.000888343900442e-11      1.000000000014552 -2.328306436538696e-10  5.820766091346741e-10 -2.328306436538696e-10  2.328306436538696e-10
-2.000888343900442e-11 -1.746229827404022e-10     0.9999999998544808                      0  4.656612873077393e-10  4.656612873077393e-10
-1.637090463191271e-11  5.820766091346741e-11 -4.074536263942719e-10      1.000000000116415                      0                      0
 1.455191522836685e-11  9.458744898438454e-11 -1.164153218269348e-10 -2.328306436538696e-10      1.000000000931323  2.328306436538696e-10
-6.366462912410498e-12   1.01863406598568e-10                      0  1.164153218269348e-10                      0                      1
