5
2

  6.6144212132426e-05
0.0001261808096405769
0.0003575369698407224
    0.104652675236704
   0.5856578685035142

-0.01109060531042246   0.2001261294464047  -0.6123288721555151   0.7092838848027974  -0.2860004438291237
-0.09877853642939494   0.6316431390242534  -0.4885760354752766  -0.4414246208587092   0.3971240452597407
  0.5730872939329136  -0.5424614601728491  -0.4315285311743476 -0.03481869208657581   0.4357491287698469
  -0.719775140650636  -0.3005602088996684 -0.03217285798784426    0.272540325748355   0.5623824195131101
  0.3789650375017763   0.4199709541024431   0.4462004525719575   0.4759938070827788   0.5043262335086124

-0.0000176806205464
0.0002129350567983
0.0003234523095586
0.0004353042730716
0.0005373150859286

-0.0008497614678241567
0.0000505312983783

 0.4945512628513662  -1.175378271194245    3.15233648651482   3.930504763356979  -6.402206558489111
  1.352999508659401 -0.4753846034079874  0.3150204925286058  0.3856858552427361 -0.5783490703848317

 1.070971108655582e-08 -1.052245347373162e-07 -4.302740331800834e-07   -0.02884126700807924   -0.08833425564377724
 5.947025443985253e-10  -1.57267124379301e-08   8.07749350519488e-08   -0.01162297323141632     0.1185259286545963

cov:
0.05493318303944134 0.05695846215243668 0.05825213867800989 0.05972271500319697 0.06112062996763231
0.05695846215243668 0.06148539951941309 0.06438021167149156 0.06766880691299441 0.07079591170942419
0.05825213867800989 0.06438021167149156 0.06829992940799258 0.07275224557547909 0.07698621060715662
0.05972271500319697 0.06766880691299441 0.07275224557547909 0.07852595860693241 0.08401675334937617
0.06112062996763231 0.07079591170942419 0.07698621060715662 0.08401675334937617 0.09070299892983748

cov.inverse():
 3210200.194007783 -6857955.212079119   2648800.73265658  784503.3598159234  214691.6574669313
 -6857955.21246692  36514840.61009801 -45561098.19058108  15079939.80289017  823234.3989850477
 2648800.732679407 -45561098.19242209  102150328.0891389 -85607453.04617967  26371087.38834396
 784503.3609236693  15079939.80495102 -85607453.05155948  127236993.9600981  -57495267.1517745
 214691.6567241334  823234.3983773609  26371087.39190568 -57495267.15398575  30086688.47167254

cov*(cov_.inverse()):
     1.000000000021828 -3.346940502524376e-10  1.862645149230957e-09 -4.656612873077393e-10  1.396983861923218e-09
  -1.2732925824821e-11     0.9999999998472049 -4.656612873077393e-10                      0  4.656612873077393e-10
-4.001776687800884e-11 -1.891748979687691e-10      1.000000000931323  9.313225746154785e-10                      0
  -1.2732925824821e-10  1.164153218269348e-10                      0     0.9999999990686774  1.396983861923218e-09
 1.091393642127514e-11  1.455191522836685e-11  4.656612873077393e-10                      0                      1
