6
2

0.0001073721724003558
0.0001759658507048242
0.0002367641868739548
0.0005654970562904422
  0.09284008822057807
   0.6234936727851799

-0.003350074265290683   0.06943816535419166   -0.2964871875773247    0.6941513071031703    -0.630547487137977    0.1668121551569085
   0.1275225097026202   -0.4154684292106287    0.6541869147444762   -0.2000547742559171   -0.4889061569625101    0.3226644253819518
  -0.3056854511873501    0.6860096127018932  -0.04767714492181485   -0.4435788353853638   -0.2841974354174607    0.3951502759272626
   0.6006691879428385   -0.2141833071185275   -0.5508602904561909   -0.3008052404811463   0.01911456446400607    0.4461230981812239
  -0.6294247489783339   -0.4010333389484269   -0.1365658809771687    0.1266852958203677    0.3105895070432144    0.5584187501471688
   0.3651084818017804    0.3811205961447661    0.3997054147533491    0.4181350380732577     0.431023485891749    0.4483974951677479

0.0008502023276985
0.0008988899104808
0.0009184593071060
0.0009837192726666
0.0009726936948133
0.0009562910628801

0.0001995510624568121
0.0010489214707494

  0.3597888167686694    3.020988647537097   -3.607800189590106    2.271534735296419    5.286504660844314   -7.330534798794194
   1.492955515044335 -0.08446722512129337  -0.3875955470127209  0.04295292379138549   0.6047948098033002  -0.6685112249726898

-1.961268114065256e-08 -2.778632921269131e-07 -1.834319770400026e-07 -7.342623125277325e-07   -0.02679803629343163   -0.08471199880243296
-4.138850131143463e-09  -1.69703257305605e-08 -5.330695285597801e-08  2.650318746403495e-07  -0.008903041040246959     0.1309511089208009

cov:
0.05523612686550886 0.05626954579202274 0.05747252698225933 0.05866017852711432 0.05949182817003133 0.06061334139691151
0.05626954579202274 0.05785251515615136 0.05969183111128989 0.06151235642796798 0.06278618929727266 0.06450363183993782
0.05747252698225933 0.05969183111128989 0.06226837976025298 0.06482209748093092 0.06660821435407685 0.06901606087341935
0.05866017852711432 0.06151235642796798 0.06482209748093092 0.06810524173938369 0.07040099661918039 0.07349565791500637
0.05949182817003133 0.06278618929727266 0.06660821435407685 0.07040099661918039 0.07305289426206769 0.07662747472218681
0.06061334139691151 0.06450363183993782 0.06901606087341935 0.07349565791500637 0.07662747472218681 0.08084890253755811

cov.inverse():
 3321403.069964716 -5874401.533825832  2005661.393502673    828234.37506332 -244655.6519300136 -36466.03269510045
-5874401.534206015  14531520.02941772 -10777998.46238963  1638286.146790703 -728486.4909693222  1212155.570476515
 2005661.394960862 -10777998.46566737  22435492.10388314 -21182776.65005827  6095358.565362479  1422543.605882537
 828234.3738127045  1638286.152049861 -21182776.65794939  46880550.36073504 -32575807.97549785  4412667.858885966
-244655.6523689121 -728486.4927611832  6095358.573409065 -32575807.98326172  43648297.32209683  -16194859.0025826
-36466.03208368996  1212155.569906954  1422543.603907673  4412667.862766556 -16194859.00453007  9183844.596966946

cov*(cov_.inverse()):
    0.9999999999881766  1.164153218269348e-10 -1.309672370553017e-10  1.746229827404022e-10 -1.164153218269348e-10  1.164153218269348e-10
  3.04680725093931e-11     0.9999999999708962   2.91038304567337e-10  1.164153218269348e-10 -2.328306436538696e-10  1.164153218269348e-10
 2.728484105318785e-11  7.275957614183426e-11      1.000000000116415  1.164153218269348e-10 -4.656612873077393e-10  1.164153218269348e-10
 4.365574568510056e-11  1.309672370553017e-10   2.91038304567337e-11      1.000000000523869  2.328306436538696e-10 -1.164153218269348e-10
 1.682565198279917e-11  1.891748979687691e-10                      0 -4.074536263942719e-10      1.000000000698492 -2.328306436538696e-10
 1.682565198279917e-11  5.820766091346741e-11 -4.365574568510056e-11 -1.164153218269348e-10                      0                      1
