5
2

0.0001187426845399015
0.0001609440306371794
0.0004941587250263297
  0.05542370308282935
   0.5495246526388796

-0.01065484442735717   0.1597370845793594   -0.601604816798099   0.7312608364701288  -0.2787467875162847
-0.07315566017680405    0.656771669878902   -0.506972660065406  -0.4277706077336552   0.3511271167739112
  0.5385640436885734   -0.548866511466616  -0.4250019927562092 -0.04052060996703401   0.4758421059105951
 -0.7263642341071318  -0.2210764728991549 0.003969261273630642   0.2671704400958909   0.5934007022614138
  0.4205692498627271   0.4393242346781036    0.447669428786158   0.4574362603806723   0.4695315464520168

0.0004174003495418
0.0006120753208692
0.0006151361514108
0.0006203083114201
0.0006218912070520

-0.0001186820505955321
0.0005813577131392

 -0.6605477333709158    1.391519623920114    2.253713564348494    11.69100370285066   -14.67601960268109
   1.252966306580409 -0.01811680404367838    0.150360695505701   0.8970313898687186   -1.282251806652225

 1.623388562314067e-07 -2.676957531869418e-07 -2.328264795542816e-06   -0.01660042203814426   -0.06055378727402173
 1.278410969514912e-08 -2.625904299634937e-08 -6.264754405166275e-09  -0.004382631184542538     0.1191568916209799

cov:
0.05503405886113814 0.05628842594248024 0.05684617393778452 0.05749937108315843 0.05830767110378446
0.05628842594248024 0.05843359183941868 0.05938784844439964 0.06050478753590636 0.06188781920116748
0.05684617393778452 0.05938784844439964 0.06051875487019689  0.0618422509015352 0.06348128693235237
0.05749937108315843 0.06050478753590636  0.0618422509015352 0.06340741176934875  0.0653459087619546
0.05830767110378446 0.06188781920116748 0.06348128693235237  0.0653459087619546  0.0676555975768442

cov.inverse():
 1402627.201056226 -3186039.937158238  949080.6784762116  566093.7581016817  268305.4290902861
-3186039.936677329  19695840.10341818 -18714643.52729109 -2470628.706138532  4675342.800205627
 949080.6784959341 -18714643.52953333  36331144.84083457 -22758256.21588536  4193014.404132764
 566093.7568654184 -2470628.700141868 -22758256.22140358  44996560.62574795 -20334216.05211635
 268305.4298259343   4675342.79693203  4193014.407428524 -20334216.05287412  11197740.74701485

cov*(cov_.inverse()):
    0.9999999999818101 -1.746229827404022e-10                      0 -2.328306436538696e-10 -1.164153218269348e-10
-1.818989403545856e-11      0.999999999825377 -1.164153218269348e-10 -4.656612873077393e-10  2.328306436538696e-10
-2.546585164964199e-11  -2.91038304567337e-10      1.000000000116415                      0  1.164153218269348e-10
-7.275957614183426e-12  -2.91038304567337e-10 -1.164153218269348e-10     0.9999999997671694 -1.164153218269348e-10
 1.091393642127514e-11                      0  1.164153218269348e-10                      0      1.000000000116415
