5
2

0.0001101705871962221
0.0001439832277111972
0.0003628301652847833
   0.0664191005160481
   0.5788804849260449

 -0.04580553525938562    0.3190358295389582   -0.7054250453044455     0.606673504878802   -0.1744727954303507
  -0.1355571956557336    0.6407824329453742   -0.2969361913099508   -0.5843329385629956    0.3760399387501742
   0.5502876031006818   -0.4797585123340778   -0.4620596137161821   -0.1016058481782343    0.4931455045979162
  -0.7155943122609679   -0.2656089099258301 0.0001060380719856129      0.25631893716428    0.5930238430574828
   0.4057516898042609    0.4323166546757141    0.4480014574484567    0.4631189150265405    0.4829942452863027

-0.0000571376090654
-0.0002052514592340
-0.0003651891701950
-0.0005163631797328
-0.0007215873921345

0.002570066242827791
0.0005765145584660

  1.434279672731308   3.488716454877847  -6.525288916893079   9.688255228027415  -8.085875801685873
  2.227394610997903 -0.3800056972452241  -1.487767611216867   1.392254997715577 -0.7518849088221635

 1.570454747971382e-07 -9.791545393564412e-08 -3.740449183727494e-07     -0.018817338632597   -0.08436695857496976
 2.187277553940263e-08 -2.487631551811658e-08  2.084223110249364e-07  -0.006979694541758324     0.1188233050900206

cov:
0.05742848793694562 0.05961987523812356 0.06091369795352838  0.0621603977922985 0.06379993229208719
0.05961987523812356 0.06294116752407984 0.06490206734743534 0.06679190552406609 0.06927669735896844
0.06091369795352838 0.06490206734743534 0.06725690903331194 0.06952652789005269 0.07251046297376131
 0.0621603977922985 0.06679190552406609 0.06952652789005269 0.07216236291543912  0.0756275661200277
0.06379993229208719 0.06927669735896844 0.07251046297376131  0.0756275661200277 0.07972534984625412

cov.inverse():
 3359600.958661927 -7399331.747284113  2672351.786695702  1106577.133030148  260867.4892871744
-7399331.746889469  29940295.21649698 -26036251.84364873 -1744535.515189708  5239835.824120871
 2672351.788133446  -26036251.8560723  46873571.50985765 -26533244.63188653  3023254.446416901
 1106577.129491951 -1744535.491778597  -26533244.6579801  46872020.59103837 -19700419.92606279
 260867.4909929657  5239835.813528131  3023254.461524494 -19700419.93228351  11176324.51810792

cov*(cov_.inverse()):
     1.000000000021828 -1.164153218269348e-10  6.693881005048752e-10 -2.328306436538696e-10                      0
-1.091393642127514e-10      1.000000000291038 -5.820766091346741e-11  2.328306436538696e-10  1.164153218269348e-10
 4.365574568510056e-11 -2.328306436538696e-10      1.000000000232831  2.328306436538696e-10 -1.164153218269348e-10
 1.818989403545856e-11  1.164153218269348e-10  2.619344741106033e-10                      1  1.164153218269348e-10
 1.818989403545856e-11 -5.820766091346741e-11  5.820766091346741e-11                      0                      1
