5
2

0.0001463473158212867
0.0002796004195088498
 0.000543989103293092
  0.08625159566727436
   0.5614698673875588

-0.02356643355583161   0.1443256865591625   -0.473704169113904   0.7646660153264718  -0.4117098062683557
  -0.246883594034864   0.7231391778893621  -0.4925370639949306  -0.2863038188667222   0.3025815332955913
  0.6180950553847928  -0.3664978113425287  -0.5757637827284231 -0.06103861460069304   0.3852378626457837
 -0.6254997882912041  -0.3781702026506666 -0.06841142656869111   0.3294086418100771   0.5937567987741189
  0.4064500357515244   0.4229733770688344   0.4436525036201798   0.4701917082802881   0.4878361448525323

0.0003415152456839
0.0002734520817853
0.0002599054131356
0.0000645875136857
-0.0000612290443908

0.001529991370227645
0.0007087528935030

  1.225073607791403  -1.534560847567429    1.91388714908274   7.981982367191837  -9.586636515634678
  1.527423190626555 -0.4437349409780983 0.03828939026499828  0.7619380462750642 -0.8839607922942273

 1.904768517149624e-07   -5.8951437095967e-07 -1.172648628828739e-06    -0.0251426292593299   -0.07114911464187863
 1.774201649402689e-08 -9.400342265205533e-08  2.064461980744748e-07  -0.007916078303930273     0.1188957034834313

cov:
0.05499031062566401 0.05595639273447289 0.05716464932628343 0.05871410177801514 0.05974491004515382
0.05595639273447289 0.05746398386184527  0.0593498700353263 0.06176941050996807 0.06337843052345403
0.05716464932628343  0.0593498700353263 0.06208450955970708 0.06559372951116686 0.06792687060065868
0.05871410177801514 0.06176941050996807 0.06559372951116686  0.0705024583505057 0.07376560995789899
0.05974491004515382 0.06337843052345403 0.06792687060065868 0.07376560995789899 0.07764688285970782

cov.inverse():
 2096662.044125289 -3207972.931979193  874092.4502788429  -64748.9723189552  302050.5933990622
-3207972.931944977  8115592.100774139 -7035071.490792387  2580072.432235129 -452608.7906285953
 874092.4500600649 -7035071.490520637  14700571.69699296 -14989999.12686547  6450121.291265078
-64748.97189673386  2580072.431712207 -14989999.12687533  28361847.17533197 -15886764.54033427
 302050.5931614041 -452608.7903432088  6450121.291327911 -15886764.54044485   9587003.93510182

cov*(cov_.inverse()):
     0.999999999992724  2.546585164964199e-11 -5.820766091346741e-11 -2.328306436538696e-10  1.164153218269348e-10
 3.637978807091713e-12       1.00000000005457 -1.746229827404022e-10                      0  1.164153218269348e-10
                     0 -4.365574568510056e-11     0.9999999998835847 -2.328306436538696e-10  1.164153218269348e-10
 1.818989403545856e-11  2.182787284255028e-11 -1.746229827404022e-10      1.000000000232831  1.164153218269348e-10
-3.637978807091713e-12                      0                      0 -2.328306436538696e-10      1.000000000116415
