5
2

0.0001130109647256431
0.0001428166301268592
0.0002581194578656624
  0.04345361891389034
    0.552335257055722

-0.00689697207965697   0.1335665069717699  -0.5839307879020654   0.7466028374188173  -0.2893466054574287
 -0.3022759088487289    0.775435259387498  -0.3696572004068126  -0.3392618076495531   0.2357634693629897
  0.6118436946796696  -0.2601579851562346  -0.5653817986032094  -0.2213835279526506   0.4350837521668875
 -0.5913444596860105  -0.3497484571116075 -0.06562546629365254   0.2665208756432222    0.672790953987062
  0.4295820410412882    0.436868385468097   0.4454381091795036   0.4554575561192684   0.4677056651974092

0.0005719065004927
0.0006299117679424
0.0006984912521436
0.0007778438421524
0.0008707391774947

-0.001675917210093189
0.0002625540032367

 -2.694045958463616   1.912855561604623    4.01673082821926   13.19577894850721  -16.43148562058168
   2.30064234393428 0.03331414977678399 -0.6123892212453635  0.1655464432042758  -0.887156830266872

 1.600902485735483e-07 -1.537482808206348e-07 -9.652302885880508e-07   -0.01298623748778154   -0.06327982112727915
 9.278074920983783e-09 -1.445189076996399e-08   8.81166595769981e-08  -0.003558693977151636     0.1191492258985696

cov:
0.05695893638631173 0.05764403890134825  0.0584498857519492 0.05939212203356986  0.0605436783366136
0.05764403890134825 0.05845562529569374 0.05941012569309403 0.06052613743629705 0.06189022700022571
 0.0584498857519492 0.05941012569309403 0.06053949828627162 0.06185987680906772 0.06347392871827433
0.05939212203356986 0.06052613743629705 0.06185987680906772  0.0634192223893449  0.0653255087042582
 0.0605436783366136 0.06189022700022571 0.06347392871827433  0.0653255087042582 0.06758927061962471

cov.inverse():
 10102363.47782139 -13953021.27441867  601579.0734259556  2591531.534067144   657555.640909175
 -13953021.2743352  31893197.03129875 -17952743.50891585 -4225501.698448188  4238161.397000216
 601579.0741369015 -17952743.50920335  38195453.73970794 -26108535.99930561  5264377.696084221
 2591531.532564834 -4225501.697666067 -26108535.99781663  50024043.90068854 -22281914.58251718
 657555.6416170835  4238161.396589058  5264377.695018684  -22281914.5817484  12121984.07726244

cov*(cov_.inverse()):
     1.000000000065484  3.783497959375381e-10   2.91038304567337e-10 -4.656612873077393e-10  1.164153218269348e-10
 7.275957614183426e-12      1.000000000523869 -1.746229827404022e-10 -2.328306436538696e-10  1.164153218269348e-10
 4.365574568510056e-11  5.820766091346741e-11      0.999999999825377 -4.656612873077393e-10                      0
                     0  1.164153218269348e-10                      0                      1                      0
 1.455191522836685e-10                      0                      0                      0     0.9999999998835847
