5
2

9.541280143299984e-05
0.0002360274161130607
 0.000484863627027892
  0.07982001449652103
   0.5613460530435836

-0.01625452866994988  0.08110330040763736   -0.541786658035366   0.7797154164987271  -0.3027691057716947
 -0.2220841049721006    0.654963309342908  -0.5328704167667437  -0.2911418488032121   0.3911358543314737
  0.5911527893614147  -0.4809147206507868  -0.4643215953401796 -0.08844632878205766   0.4425405225708954
 -0.6591428767681524  -0.3913441118797053  0.05592149054425959   0.2876964169862362   0.5713877953294757
  0.4080238819633988   0.4242830843152193   0.4514361295972718   0.4654979180704481   0.4827188470298178

0.0008385316699702
0.0009035792269052
0.0010467114493025
0.0010461442543272
0.0010527778175332

-0.0001615533272403001
0.0009972962331511

 0.5632587727734832  -1.010279919095713   4.722865237570155   5.276094148187252  -9.552311072152818
  1.592543298704943 -0.6063804311223012  0.4553917618142639  0.3285391226239427 -0.7704367615459388

 3.965637397417365e-08 -4.777490397328472e-07 -1.426550657445735e-06   -0.02326744226212894   -0.06989737336876073
 1.526135167208136e-09 -7.746312744148288e-08  1.531859320102081e-07  -0.007216331903581497     0.1194670977179984

cov:
0.05522870163554925  0.0561943871290524 0.05780721378618418 0.05864186599935984 0.05966468623918566
 0.0561943871290524 0.05770060920766567 0.06021561824994077 0.06151768967915087 0.06311267536893291
0.05780721378618418 0.06021561824994077 0.06423757914986782 0.06632041748453991 0.06887112823100097
0.05864186599935984 0.06151768967915087 0.06632041748453991 0.06880787628005625 0.07185386099501548
0.05966468623918566 0.06311267536893291 0.06887112823100097 0.07185386099501548 0.07550615961397635

cov.inverse():
   2400915.3092128 -3965070.206130738  1924088.909513074 -453978.6961031527  94062.23637121257
-3965070.206392382   9406670.03291166 -10141797.96679467  3704417.552977983  995877.9842624465
 1924088.911079676 -10141797.96863576  38257690.63576423 -43444005.32015042  13403476.59837453
-453978.6980618637  3704417.555188447 -43444005.31960288  68336759.53003627 -28142492.95372039
 94062.23702491616  995877.9836314835  13403476.59755251  -28142492.9529211  13648826.91323274

cov*(cov_.inverse()):
    0.9999999999799911  1.309672370553017e-10 -1.164153218269348e-10 -2.328306436538696e-10 -1.164153218269348e-10
-3.456079866737127e-11      1.000000000138243  4.656612873077393e-10 -1.164153218269348e-09 -1.164153218269348e-10
 8.185452315956354e-12   1.01863406598568e-10     0.9999999998835847 -4.656612873077393e-10 -1.164153218269348e-10
-1.637090463191271e-11  1.455191522836685e-11  3.492459654808044e-10     0.9999999997671694 -3.492459654808044e-10
 1.728039933368564e-11 -1.455191522836685e-11                      0                      0                      1
