5
2

0.0001506708154006118
 0.000203724053049195
0.0004610963257077929
  0.04706550076593097
   0.5979745231960322

0.09226324509345102 0.04243902410676055 -0.4829901413136058  0.7639555944193006 -0.4156666885703109
-0.2829243679241986  0.7848506895826242 -0.4754829122116109 -0.2101101060936453  0.1836652950572163
 0.6462488431141314 -0.2574877215345213 -0.5664911396568149 -0.2106063812467165   0.388323636804526
-0.5530227499870843 -0.3515061328004108 -0.1515676013438883  0.3463231530718631  0.6539853304697638
   0.43355457143235  0.4385793384978434  0.4435668771468533  0.4559943189309445  0.4636768314610925

0.0033786976359021
0.0035274120975552
0.0034883481737856
0.0033988588823178
0.0033432079683136

0.001160356896113408
0.0037100128126861

-5.398270361171316  1.734328830941681  8.688329666483925  13.70021711923824 -18.72474391463542
0.8345731573192632 0.1617904797443188  0.560660449448662  1.331225322076108 -1.888286959429358

 3.093962543752116e-07 -3.137788575932722e-07 -4.042492972318299e-06    -0.0142703699469196   -0.05755414061770447
  3.66625150651731e-08  -4.15964929649028e-08 -1.772224706751084e-07  -0.003050862149338506      0.147662722552793

cov:
 0.0678905057955955 0.06842248191976349 0.06895072787704072 0.07026743981078372  0.0710816199643735
0.06842248191976349 0.06905366255555637 0.06968012478132099 0.07124136172547293 0.07220658681661531
0.06895072787704072 0.06968012478132099 0.07040412633401723  0.0722079882671863 0.07332313094831835
0.07026743981078372 0.07124136172547293  0.0722079882671863 0.07461626734982568  0.0761048884484422
 0.0710816199643735 0.07220658681661531 0.07332313094831835  0.0761048884484422 0.07782440653388083

cov.inverse():
 4268110.813875593 -5960326.653584913 -443505.1812944427  3896885.855764847 -1761173.233946747
-5960326.653804909   15233130.2433893 -9208428.172558332 -2290120.211024281  2225747.272534446
-443505.1807270102 -9208428.174047969  17232616.92657126 -13285298.10529334  5704649.192895633
 3896885.854998155 -2290120.207987118 -13285298.10793558  26980924.30799788  -15302343.1934941
-1761173.233527457  2225747.270766873  5704649.194615689 -15302343.19386587  9133057.949976562

cov*(cov_.inverse()):
    0.9999999999563443 -1.164153218269348e-10 -5.820766091346741e-11 -2.328306436538696e-10  1.164153218269348e-10
-1.455191522836685e-10                      1  1.746229827404022e-10 -2.328306436538696e-10  2.328306436538696e-10
-8.731149137020111e-11                      0     0.9999999999417923 -2.328306436538696e-10  1.164153218269348e-10
-8.731149137020111e-11  -2.91038304567337e-11 -1.164153218269348e-10     0.9999999997671694                      0
 -2.91038304567337e-11  -2.91038304567337e-11 -5.820766091346741e-11                      0     0.9999999998835847
