5
2

9.525283865893183e-05
0.0001443023040771807
0.0002587625754747873
  0.04963711991228018
   0.5613728622387316

 0.02309878279874295   0.1036126839540154  -0.5578819988960431   0.7562074781552358  -0.3250365875511797
 -0.1828408198788528   0.7055448378409228  -0.5090892279640683  -0.3304705334120069    0.316848703483835
  0.6236391648159528  -0.4339487815420184  -0.4782598716078201   -0.131756630589279    0.420321701332789
 -0.6310647842850983  -0.3383777766319884 -0.04683698306207647   0.3010356597677524   0.6280458159104568
  0.4229268387819681   0.4343498921372732   0.4457237098315709   0.4593007711428715   0.4720659237434702

-0.0005945511840276
-0.0005884153221654
-0.0006984608522264
-0.0008321787566154
-0.0009537488965775

0.002182210225480501
-0.0000339381993339

-0.5178789331632876 -0.3195400581643068   6.696833096157613   7.035552143008783  -12.89464176091334
  2.152366274293452 -0.5079654967185219  0.1193423584034124   0.457035935507891  -1.220757161625848

 5.199300174964889e-08  -2.07205784637171e-07 -6.517705617109097e-07   -0.01443613503888013   -0.07203025081604902
 6.105392388103092e-09 -2.812210786898546e-08  6.242675074401172e-08  -0.004486894065275105     0.1186473472733189

cov:
 0.0573493248604682 0.05841666979480237 0.05947928490219968 0.06074797454474745 0.06194089645470827
0.05841666979480237  0.0597362943070941 0.06105007397604122 0.06261848194989424 0.06409314713041543
0.05947928490219968 0.06105007397604122 0.06261407302878895  0.0644810130868072 0.06623631635471176
0.06074797454474745 0.06261848194989424  0.0644810130868072 0.06670423222404676 0.06879443732000037
0.06194089645470827 0.06409314713041543 0.06623631635471176 0.06879443732000037 0.07119950656522288

cov.inverse():
 7472927.242621021 -9973017.005415551  -1404591.90785956  3599697.160948501  305031.4252105444
-9973017.004527891  27901427.67611746 -20520637.44130054 -1707664.934338062  4299700.950809729
-1404591.907456711   -20520637.440469  50165128.91759171 -37476762.00010317  9237048.874664407
 3599697.157493715  -1707664.93263632 -37476761.99609444  68530900.36155924 -32946027.69273137
 305031.4273747784  4299700.949164139  9237048.871890109 -32946027.69047573  19104079.86854434

cov*(cov_.inverse()):
      1.00000000005457   2.91038304567337e-10  3.492459654808044e-10  2.328306436538696e-10  2.328306436538696e-10
 7.639755494892597e-11      1.000000000116415  6.984919309616089e-10  4.656612873077393e-10  2.328306436538696e-10
 3.274180926382542e-11                      0     0.9999999997671694                      0                      0
 5.093170329928398e-11 -5.820766091346741e-11 -1.164153218269348e-10      1.000000000465661                      0
 1.309672370553017e-10 -2.328306436538696e-10 -1.164153218269348e-10                      0                      1
