5
2

0.0001251820678349289
0.0001997111165441207
0.0004972222003013121
  0.06932848497579004
   0.5517670410530116

-0.001354396448969314    0.1712915527653036   -0.4721417520774783    0.7435806828677043   -0.4413924598050105
  -0.1479839488556519    0.6968918129476982    -0.541407229103357   -0.3194238729311035    0.3119120927503108
   0.6343827020028163   -0.4418311071094947   -0.5258625116887761  -0.02077394637993844    0.3540916860675779
  -0.6344453571589634   -0.3215589028511298   -0.1084045116170724    0.3575209511561963    0.5954042258180957
   0.4160968549152813    0.4317246226303272    0.4423544493743342    0.4656214880177516    0.4774897156580211

-0.0008223730541265
-0.0009576394280814
-0.0009645268069943
-0.0012510187330650
-0.0013963438461913

0.002582960216136863
-0.0003015853895360

 0.7922848272495624  -1.559107564692025   3.294661585720134    10.1111829666439   -12.6389818973193
  1.522780959067374 -0.4974141489698931   0.196809864712606  0.9602641041328192   -1.18239425131296

 1.766627196173393e-07 -4.052081935299169e-07 -1.292140381559993e-06   -0.02051780380583702   -0.06485616470268435
 1.654412529349113e-08 -5.400682915141961e-08  1.591368450074517e-07  -0.005710993489661744      0.118270501531604

cov:
0.05464568581033715  0.0556711049298242 0.05636768111740968 0.05789440939464174 0.05867251757316637
 0.0556711049298242 0.05724173394785771 0.05830942028994165  0.0606474165837097 0.06183965546458792
0.05636768111740968 0.05830942028994165  0.0596299560151546 0.06252056273711201 0.06399489739902425
0.05789440939464174  0.0606474165837097 0.06252056273711201 0.06661948467773775 0.06871064452212194
0.05867251757316637 0.06183965546458792 0.06399489739902425 0.06871064452212194 0.07111674875534328

cov.inverse():
 2177069.861771638 -3734167.939042157  700266.7084800334  1067542.445078339 -210633.0337773016
-3734167.938562473  14838588.57934689 -13680958.40200083  2583820.982627905 -7658.492977232923
 700266.7071998604 -13680958.39904945  22693054.10929012  -18023364.3445456  8311637.759878824
 1067542.447016777  2583820.976376123 -18023364.33978756  37843472.01823243   -23472164.191649
-210633.0349153024 -7658.489196997319  8311637.756791945 -23472164.19120445  15379191.43325117

cov*(cov_.inverse()):
    0.9999999999654392 -7.230482879094779e-11                      0 -2.328306436538696e-10                      0
-5.456968210637569e-12      1.000000000103569 -3.492459654808044e-10  6.984919309616089e-10 -3.492459654808044e-10
-2.000888343900442e-11  1.019202500174288e-10     0.9999999998835847  2.328306436538696e-10 -4.656612873077393e-10
-1.091393642127514e-11 -9.345058060716838e-11  2.328306436538696e-10     0.9999999995343387                      0
   1.2732925824821e-11   1.13686837721616e-12                      0                      0     0.9999999997671694
