6
2

0.0001018930125236964
0.0001380450843132432
0.0002627959947882292
0.0005922990502126081
  0.09196634531522437
   0.6207560255982334

0.008714709021703251  0.02922160670404964  -0.3487877745182205    0.736180260737917  -0.5626675414179283   0.1373357252483277
 0.02077855598632181  -0.1552725300565865   0.6130669072670348  -0.2501962464034909  -0.6196276739102402   0.3912429478535961
 -0.3291034364766746   0.7721456904226137  -0.2717842262351803  -0.3264632161850641  -0.1493293441479178   0.3045288339143442
  0.5867171276409645  -0.2514807030909537    -0.50903561239411   -0.318982837874859  0.01166177605310209   0.4811623068578395
 -0.6431890241405509  -0.4129503409240172 -0.08110705504025233   0.1146752130052405   0.3034733382224361   0.5513212033732194
  0.3650398949634082   0.3808635500764851   0.4036505677781897   0.4170872512161746   0.4300412381424136   0.4470545926511227

0.0000663639362198
-0.0000869546423268
-0.0002507995045221
-0.0004321396509444
-0.0006014560194810
-0.0008252216636127

0.002795495166547111
0.0006042197075046

   0.41860350697452  0.9268519995889927   1.499468341512228  -2.924430806759354   8.377562792263134  -8.298275733961527
  1.437587775311275 -0.1822946797650036 0.01379136991168349 -0.4278838398914664  0.9634226695397978   -0.80463734111124

-8.823409498337572e-08  -1.31906280030282e-07 -1.832202316459047e-07 -1.302603046039918e-06   -0.02657114166165622   -0.08313870129333382
-1.002089423340753e-08  -1.40652900693417e-08 -5.986517158555238e-08   2.25520765742029e-07  -0.008887370704649834     0.1298759333420567

cov:
0.05484694081824174 0.05582006653897881 0.05722012766411989 0.05804517257396714 0.05884033675276021 0.05988530105669117
0.05582006653897881 0.05733835431066909 0.05952355528139687 0.06081172255861982 0.06205343968399734 0.06368467318893851
0.05722012766411989 0.05952355528139687 0.06284032720220253 0.06479594353746526 0.06668125631212887 0.06915744240106671
0.05804517257396714 0.06081172255861982 0.06479594353746526 0.06714536352023118 0.06941038925881723 0.07238509419293178
0.05884033675276021 0.06205343968399734 0.06668125631212887 0.06941038925881723 0.07204161390740398 0.07549705528319781
0.05988530105669117 0.06368467318893851 0.06915744240106671 0.07238509419293178 0.07549705528319781 0.07958370154693653

cov.inverse():
 2579554.611521536 -4244872.454373607  819529.8690214389   1367365.25776272 -416833.0187802907 -104642.9932906272
-4244872.454395273  10160690.21896613 -8650769.387350248  689281.4726520117  1787114.443566125  258529.4711580565
 819529.8692898166  -8650769.38818798  33248690.04557947 -31033341.39003156 -460642.5030473579  6076341.567326711
 1367365.257803111  689281.4740500561    -31033341.39568  57319236.26907278 -31067115.13320916  2724454.412641912
-416833.0194519144  1787114.443136332 -460642.4950621373 -31067115.14198836  50964757.46857607 -20806846.07073908
 -104642.992906064   258529.471005849  6076341.564420604   2724454.41721102 -20806846.07263443  11851983.14200703

cov*(cov_.inverse()):
      1.00000000001728 -8.913048077374697e-11 -1.164153218269348e-10  -2.91038304567337e-10 -2.328306436538696e-10  1.164153218269348e-10
-1.091393642127514e-11     0.9999999999599822  1.746229827404022e-10 -7.566995918750763e-10 -2.328306436538696e-10  1.164153218269348e-10
                     0 -1.127773430198431e-10      1.000000000232831 -7.566995918750763e-10  2.328306436538696e-10 -1.164153218269348e-10
 1.364242052659392e-11 -7.639755494892597e-11   2.91038304567337e-10     0.9999999990104698  2.328306436538696e-10  1.164153218269348e-10
-5.002220859751105e-11 -1.236912794411182e-10  1.746229827404022e-10 -8.731149137020111e-10                      1  1.164153218269348e-10
  4.18367562815547e-11  -1.01863406598568e-10                      0  -2.91038304567337e-10 -2.328306436538696e-10                      1
