5
2

0.0001038558219606079
0.0002080418844964957
0.0007619443204417821
   0.0871388338800909
   0.5876708670241392

    -0.1322113456449   0.5699553266447511  -0.7450877885994815   0.3199317962692303 -0.01260629715332457
 -0.5600651563553565   0.5990391293021661   0.3700987744977239  -0.4356590593200186  0.02659367122517918
  0.3066702958603437  0.00690359963392879   -0.328079570988082  -0.6244519300072198   0.6390064570562327
 -0.6468148444284441  -0.3764738047004008 -0.05194071185523501   0.3055300817793931   0.5863885767827178
  0.3955136753430309   0.4177593348815526   0.4444513943587814   0.4738733860499834   0.4969437018234856

0.0006624593918978
0.0008210582846782
0.0009992739078870
0.0011831120994291
0.0013402874748160

-0.001456206197329727
0.0004922261794323

 0.5906239592162148 -0.9611082882289222   8.890793375360493  -8.244487852443054 -0.2757435637692008
  2.218490830133096  -1.043836620554829  0.5129482386478386 -0.6491960745267733 -0.0383663654207928

-1.066144796968798e-07  2.583206512193133e-07  1.294466040013992e-06   -0.02401431862539578   -0.08988227854973324
-1.593804645080775e-08  -6.04273205504897e-08  5.142166551036684e-07  -0.009791135790174361     0.1183362000883264

cov:
0.05720139297172165 0.05891217420307603 0.06096417700832355 0.06322731855713844 0.06499938389008193
0.05891217420307603 0.06134891950609242 0.06427221052025149 0.06749520865678203 0.07002084847327231
0.06096417700832355 0.06427221052025149 0.06824136922935768 0.07261653111902694 0.07604669613721275
0.06322731855713844 0.06749520865678203 0.07261653111902694 0.07826104074669951  0.0826877331424917
0.06499938389008193 0.07002084847327231 0.07604669613721275  0.0826877331424917 0.08789813649161894

cov.inverse():
 9029937.031468404 -14734245.53103815  4170615.856348918  1385971.861575069  147893.9422184415
-14734245.53024956  38408708.38641708  -34253441.7838897  10868626.03708323 -290500.3431687178
 4170615.854742208 -34253441.78159866  54819995.31559569 -25472985.00371328  737119.7909788088
 1385971.862523182  10868626.03533897  -25472985.0029139  14546615.51978654  -1328902.41534794
 147893.9420884121 -290500.3429268386  737119.7908637451 -1328902.415344729  734457.7654697343

cov*(cov_.inverse()):
    0.9999999998781277  3.274180926382542e-10 -2.546585164964199e-10   1.01863406598568e-10  1.455191522836685e-11
 1.637090463191271e-11     0.9999999996907718  3.128661774098873e-10 -1.309672370553017e-10 -7.275957614183426e-12
-2.455635694786906e-10  4.802132025361061e-10      0.999999999825377  2.619344741106033e-10 -7.275957614183426e-12
-1.055013854056597e-10   3.41970007866621e-10  1.455191522836685e-10      1.000000000291038 -2.182787284255028e-11
 -7.09405867382884e-11 -7.275957614183426e-12   2.91038304567337e-11  1.164153218269348e-10                      1
