6
2

0.0001404517889058827
0.0001762938733869704
0.0002672729435427594
0.0005712929998192117
   0.1123482956355166
   0.6296898513673114

-0.00558061944985689 -0.03143314339898533 -0.04011915135679031   0.5547464013850315  -0.7752623887636352   0.2976506788097176
  0.2198749136951459   -0.645492406631258   0.6692616005144986  -0.2345797321296677  -0.1310739332287845   0.1219649895979174
 -0.2994043825740411   0.4989718163372596   0.2417586924743781  -0.5833666008500715  -0.2843274029498847   0.4263545634258407
  0.6112786568485568   -0.149044687067021  -0.5465987305591311  -0.3267375890804915 -0.03325068218961914   0.4443994292361964
 -0.6016580771320476  -0.4154047026125874   -0.199177859346881   0.1158188314625142    0.326626248119803   0.5528797011402635
  0.3554248958820363    0.372294575951602   0.3919057367293852   0.4204054407325025    0.439494558215819   0.4599821565278922

0.0002139980781480
0.0002220940248709
0.0001940874360797
0.0001781698194335
0.0001183993540186
0.0000498555933814

0.0007228083811715982
0.0004977288094180

 0.5513579459110542   2.134108891780199  -2.489186860967544   4.708560347043361  -1.560666252638236  -3.344074008736448
  1.516434614173418  -0.130019303648179 -0.4347558649994853  0.4728311566688073 -0.0925647240003277 -0.3318065571048386

 5.634582645689278e-08 -1.314685430452765e-07 -2.450814047968798e-07 -5.199598482196089e-07   -0.03200649141853962   -0.09106130355288808
 4.899466329528811e-09 -3.998558603266591e-10 -7.250574896395403e-08  2.888788087821836e-07   -0.01174731403579506     0.1291287355765925

cov:
0.05465902358350163 0.05562183312190989 0.05674348252805612 0.05836782884585153 0.05945718118048515 0.06062634862828806
0.05562183312190989 0.05713560724913783  0.0588968152102558 0.06145224880040578 0.06316482062517574  0.0650028468452255
0.05674348252805612  0.0588968152102558 0.06140076585939842 0.06503746623424704 0.06747378123720252  0.0700885554961887
0.05836782884585153 0.06145224880040578 0.06503746623424704 0.07024872686828378 0.07373889740630525 0.07748475593217548
0.05945718118048515 0.06316482062517574 0.06747378123720252 0.07373889740630525 0.07793454838559848 0.08243753578328773
0.06062634862828806  0.0650028468452255  0.0700885554961887 0.07748475593217548 0.08243753578328773   0.087753225118025

cov.inverse():
 3956906.193440048 -6928169.236644564   2709087.76130137   16608.3067019597  421433.3573582667 -176026.7672840994
-6928169.236798554  17009745.33813926 -11897699.70904807  62443.26611716177  1986757.621787344 -232259.0992742977
 2709087.762094331 -11897699.71104295  16226975.57662666 -7606715.713863148 -2152410.992127348  2719682.873846868
  16608.3041048911  62443.27422132855 -7606715.722376898  22462013.11471738 -18457077.42013817  3523177.655847543
 421433.3603982553  1986757.611977624  -2152410.98017203  -18457077.4270083  32155799.02394808 -13954338.21997578
-176026.7683660075 -232259.0957277871  2719682.869203417  3523177.659710457 -13954338.22165954  8119592.338608189

cov*(cov_.inverse()):
    0.9999999999599822  1.891748979687691e-10   2.91038304567337e-11  3.201421350240707e-10 -1.164153218269348e-10                      0
 2.546585164964199e-11      1.000000000127329                      0 -1.164153218269348e-10  1.164153218269348e-10  1.164153218269348e-10
 4.001776687800884e-11  2.401066012680531e-10     0.9999999999417923  1.455191522836685e-10 -4.656612873077393e-10  2.328306436538696e-10
-7.275957614183426e-12  2.328306436538696e-10                      0                      1 -2.328306436538696e-10 -1.164153218269348e-10
 3.092281986027956e-11  4.365574568510056e-11  3.492459654808044e-10 -5.820766091346741e-11                      1  1.164153218269348e-10
 5.456968210637569e-12  1.418811734765768e-10                      0  5.820766091346741e-11                      0                      1
