5
2

6.999695542298862e-05
0.0001614135590375559
 0.000306222388426585
   0.1136844562639064
   0.5802459293936245

-0.02391489835266515  0.09848920171252189  -0.5095155341350892   0.7811771327075193  -0.3462429242492981
  -0.353405394552636   0.7218229731947584   -0.438509188723562  -0.2472028596054108   0.3172958557518293
  0.5719693707251279  -0.3202751718928894  -0.5876484960747633  -0.1222889389015871   0.4582461278665368
 -0.6322068142443446  -0.4520545094321543 0.006453887646790932   0.2894745643587712   0.5586806676882725
  0.3843153493073045   0.4029168739148861   0.4502568203540616   0.4794819345391335   0.5072726832549938

-0.0001672908416527
-0.0000599894771235
0.0001197190178755
0.0002087786752717
0.0002887941308595

-0.0006344011354473302
-0.0000693687948131

 0.5343611029691434 -0.5026689623629406   2.070076885194035   4.362287277015956  -6.464184393750777
  1.478079401627651 -0.4051293863413408 0.07626483040305335  0.4276915088571007 -0.5769340440745381

 2.218955317394549e-08 -1.195597218836281e-07 -3.981091001819609e-07   -0.03161088922722902   -0.08503682357945141
 2.056620845864688e-09 -2.962433113020162e-08  5.754537953200119e-08   -0.01226935561536862     0.1183655579334304

cov:
 0.0548934789629319 0.05582835715060683 0.05820747496623403  0.0596765451037519 0.06107289619866396
0.05582835715060683 0.05729929051043137 0.06104243394070582 0.06335346578085067 0.06555063001744031
0.05820747496623403 0.06104243394070582 0.06825720114164223 0.07271115452733379 0.07694650860422755
 0.0596765451037519 0.06335346578085067 0.07271115452733379 0.07848793669583856 0.08398146647907424
0.06107289619866396 0.06555063001744031 0.07694650860422755 0.08398146647907424 0.09067171158910887

cov.inverse():
 8399174.974629767 -12225171.97092053  4850565.406573199 -1205760.119232709  181238.5951505238
-12225171.97157139  23071453.93697844 -20383666.83266329  9271925.406892153  265357.5188057069
 4850565.408124763 -20383666.82965783  64048457.08917159 -76309101.34346141  27794437.34910031
-1205760.119971677  9271925.397847867 -76309101.32531412  127054081.9693686 -58812284.44272106
  181238.594988837  265357.5241937034  27794437.33550989 -58812284.43435702  30571771.66752094

cov*(cov_.inverse()):
     1.000000000060027  2.419255906715989e-10                      0                      0  2.328306436538696e-10
 1.709850039333105e-10     0.9999999998872227 -2.328306436538696e-10  4.656612873077393e-10                      0
 3.637978807091713e-11  2.764863893389702e-10      1.000000000465661 -9.313225746154785e-10  4.656612873077393e-10
 7.457856554538012e-11  2.073647920042276e-10  4.656612873077393e-10     0.9999999990686774                      0
 5.093170329928398e-11   2.91038304567337e-11                      0                      0                      1
