6
2

8.898734522735898e-05
 0.000129879813714948
0.0001861347544035947
0.0005887892002893562
  0.06866060450988447
   0.6071560713918643

 -0.01008928055665798 -0.008692516825029594  -0.09602922853169885    0.5501559936103546   -0.7622688612362657    0.3269183380002909
  0.01998659306959252   -0.3741170124919395    0.7792499271659138   -0.3678508681910907   -0.2688931399490253     0.211633565704755
   -0.141473144832809    0.6748995981304861   -0.1194531943867363   -0.5596226090641214   -0.2324966795654414    0.3781463281595336
   0.6275415003363634    -0.395675684970516   -0.4356575259549096   -0.2689780590443881   0.04179291213561469    0.4309745862640679
  -0.6650258903058858   -0.3031188538621292   -0.1314727961964281   0.08061648181969902    0.3336550619426069    0.5751084350064384
   0.3787034755384273    0.3950077800690545    0.4027360134994994    0.4122965480108431    0.4236928234042499    0.4345712629991101

0.0001283273900180
0.0000823530590878
-0.0000288286513443
-0.0001611473040778
-0.0003282280784450
-0.0004790371077478

0.002703868763573107
0.0006652207484511

 -0.6260110439869113    1.101351479447332  -0.7213148119590184    6.489883319272595    5.971175867738069   -12.21514113828959
   1.275682638043268 -0.04914986885862063  -0.1775982803978822    0.512036750313528   0.5588405218151051   -1.119845534803398

 -3.88694662158213e-08  -1.27606850337488e-07 -3.021575687166258e-07 -2.522001925154077e-06   -0.02042329048321354    -0.0719501489410469
-4.005093013106382e-09 -1.130422474628752e-08  -3.57677383448523e-08  1.041291106503698e-07  -0.005781631032351563     0.1302770872145504

cov:
0.05495384866417165 0.05609515811011884 0.05663592072069141 0.05730572928422519 0.05810346316114431 0.05886524132639691
0.05609515811011884 0.05795231219211918  0.0588323591705226 0.05992141838198181 0.06121926357520599 0.06245825247811466
0.05663592072069141  0.0588323591705226 0.05987336203374601 0.06116126548206191 0.06269632293940484 0.06416167110179768
0.05730572928422519 0.05992141838198181 0.06116126548206191 0.06269496277335819 0.06452318949078316 0.06626830352979296
0.05810346316114431 0.06121926357520599 0.06269632293940484 0.06452318949078316 0.06670119245723946 0.06878007467256275
0.05886524132639691 0.06245825247811466 0.06416167110179768 0.06626830352979296 0.06878007467256275 0.07117750162541384

cov.inverse():
 1750283.017734646 -3904258.932436666  744798.8775054639  661442.9256263151  1677591.862960909 -929827.1976128902
-3904258.932092756  21905269.12841665 -19006537.88616049   -3040019.8871192  2223581.725383658  1821789.014688495
 744798.8764517476 -19006537.88952625  38121192.75049319 -21396965.94970813 -2428503.687902634  3966509.614594032
 661442.9265613877 -3040019.868240258 -21396965.99075277  55491757.29496126 -43372086.49929313  11655286.27453709
 1677591.862878436  2223581.698335623 -2428503.621497583 -43372086.54593377  79228476.89110561 -37328677.27142099
-929827.1977557384  1821789.026567161  3966509.584814462  11655286.29994741 -37328677.27878799  20814793.81237587

cov*(cov_.inverse()):
    0.9999999999636202  1.164153218269348e-10  2.037268131971359e-10  2.328306436538696e-10 -4.656612873077393e-10 -4.656612873077393e-10
 -2.91038304567337e-11      1.000000000029104                      0  2.328306436538696e-10                      0 -4.656612873077393e-10
-2.182787284255028e-11  -2.91038304567337e-11                      1  8.149072527885437e-10 -9.313225746154785e-10 -2.328306436538696e-10
-5.093170329928398e-11 -4.365574568510056e-11  1.164153218269348e-10                      1  4.656612873077393e-10 -4.656612873077393e-10
-1.455191522836685e-11  7.275957614183426e-11  5.820766091346741e-10 -3.492459654808044e-10                      1 -4.656612873077393e-10
-1.455191522836685e-11  8.731149137020111e-11 -5.820766091346741e-11  2.328306436538696e-10                      0                      1
