6
2

9.996600768319133e-05
0.0001591563009342025
0.0003514216770301692
0.0007466679314166414
   0.1126203006924428
   0.6279705038960512

-0.03665627172971916   0.2002715404079507  -0.5875687495275844   0.7195131669175525  -0.3089207428155334  0.01339289791895517
  0.2656428351904705  -0.7378066659103015   0.3716416713596941   0.3900922920297435  -0.3073583570311991  0.01779100956465417
 -0.5709030547341568   0.3280096797079227   0.5336465515629503  0.09513579271766903  -0.5077436222812273   0.1218454147467426
  0.3524216693058436  0.04454406406068508  -0.2003230827105257  -0.3800914551485881   -0.488088685821628   0.6715544478223168
 -0.5919935600940256  -0.4080036377399107  -0.1939456135754918  0.06308275204551528   0.3461402834222302   0.5671589071501649
   0.357074916174377   0.3734851292980942   0.3925844523165858   0.4154865092787358   0.4407397962737354   0.4604380553554309

0.0006178163150137
0.0007972870095413
0.0009711871215131
0.0011635318107251
0.0013590482566819
0.0015410937210575

-0.001600277617966747
0.0005991563875432

  0.2205796797908484   0.2137159640521362    -1.05812135015925    9.226322427437516   -8.170001539902014   -0.432343867067868
   1.432931914064272  -0.2557117051867794  -0.1897074722448914    0.712445242161766   -0.644747593209132 -0.05512798413882561

 9.806317521338967e-08  1.421108572599783e-07  5.375646468763405e-07  2.730249975686179e-07   -0.03175542556122375   -0.08806503738781124
 7.182912011893907e-09  2.467004880297837e-08 -7.591983036368875e-08  3.002134012222648e-07   -0.01162628626423607     0.1294032815397601

cov:
0.05472528669961609 0.05565442185953913 0.05673652534842378 0.05803150654530834  0.0594621507622341 0.06057656834245461
0.05565442185953913 0.05711929128031103 0.05882455428524047 0.06086752952173968 0.06312210723428692 0.06487963207791266
0.05673652534842378 0.05882455428524047 0.06125490573989977 0.06416820145115318 0.06738146121330191 0.06988727160735678
0.05803150654530834 0.06086752952173968 0.06416820145115318   0.068126298983181 0.07249042068876876 0.07589450256164999
 0.0594621507622341 0.06312210723428692 0.06738146121330191 0.07249042068876876 0.07812231140095094  0.0825159155154559
0.06057656834245461 0.06487963207791266 0.06988727160735678 0.07589450256164999  0.0825159155154559 0.08768290812168356

cov.inverse():
 5782227.225941358 -9960130.416464515  3459108.292441265  771564.6415687997 -51456.37092270438  -1335.17148824176
-9960130.416597567   26378418.7945751  -21198748.2236641  3279718.067223974  1373818.095080832  127466.8079852028
 3459108.293391207 -21198748.22581169  42377689.75199803 -36034167.34762148  11635483.09124753 -241237.1173221965
 771564.6401194893    3279718.0708488 -36034167.35014108  58144960.87865987  -27034056.9799508  874299.0158840234
-51456.37030155992  1373818.093511683  11635483.09250035 -27034056.98023522  15793968.27114279 -1718754.285078934
-1335.171477000394  127466.8079441441 -241237.1172530877  874299.0158242922 -1718754.285058497  959609.8113525949

cov*(cov_.inverse()):
      1.00000000006564  2.173692337237298e-10 -5.456968210637569e-12 -3.055902197957039e-10  3.055902197957039e-10  7.275957614183426e-12
 2.231104190286715e-11       1.00000000005457  6.129994289949536e-10 -8.003553375601768e-10  2.473825588822365e-10  7.275957614183426e-12
-3.994671260443283e-11  2.673914423212409e-10     0.9999999995525286  -2.91038304567337e-11 -2.619344741106033e-10                      0
 1.305409114138456e-10 -4.365574568510056e-11   4.94765117764473e-10     0.9999999986466719  4.656612873077393e-10                      0
 1.178932507173158e-10  -2.91038304567337e-11  5.093170329928398e-11 -9.313225746154785e-10      1.000000000436557 -1.455191522836685e-11
 1.652722403377993e-11  1.055013854056597e-10 -3.274180926382542e-11  1.600710675120354e-10   2.91038304567337e-11                      1
