5
2

0.0001529316458061934
0.0002138692350560409
0.0005572515927359682
  0.08756940499606797
   0.5707031547658663

-0.02449823663214259 -0.07714755161641575   -0.294088358524711   0.8415588187891873  -0.4458013947711436
 -0.1813773539720998   0.7077150024882835  -0.6518838429304979 -0.06649338912546542   0.1920099352842551
   0.473196480087877  -0.4954322893140224  -0.5271768607237231  0.04915749950526631   0.5002999457299397
 -0.7690464884089016  -0.2524355987245722  0.06818860485777968    0.255937873725297   0.5241086586987743
  0.3887861645768485   0.4289648537284086   0.4538660203093387   0.4684407419899782   0.4892886462527314

-0.0002161699372233
-0.0000971506251307
-0.0000645343876000
-0.0000055025494731
0.0000087489616607

-0.0001429493703829891
-0.0000485263589070

 0.7611243343025166   3.770412611587032   -5.46590699267038   6.850950208885926  -5.917039999450075
  1.360715175728313 0.03748980225564344 -0.6314973769092452  0.8048950319078817 -0.5715596425304883

 2.268934005599651e-07  2.059120957467375e-07 -3.881127063808017e-07   -0.02498052996097584   -0.08252530174441179
 2.529789540891307e-08  1.286520577668659e-09  2.210466281801605e-07  -0.009144829684802666     0.1159114537604245

cov:
0.05376680834759853 0.05580778581928589 0.05707015383107451  0.0578085832759393 0.05886708755618775
0.05580778581928589 0.06042147557221201 0.06327984003219891 0.06495263108187367 0.06734621316992091
0.05707015383107451 0.06327984003219891 0.06712855860269756 0.06938112248202635 0.07260311939821533
 0.0578085832759393 0.06495263108187367 0.06938112248202635 0.07197333129965348 0.07568044234790343
0.05886708755618775 0.06734621316992091 0.07260311939821533 0.07568044234790343 0.08008069738639161

cov.inverse():
  1466046.37386292 -3480492.744467743  2089685.900667311   -542949.08071297  467891.0015319658
-3480492.744533591  11995073.76163215 -8275147.864643521 -3883209.508325658  3643178.042742407
 2089685.900737066 -8275147.864997032  13883524.52894544 -9717787.232864084  2019780.070689771
-542949.0806408721 -3883209.508042167 -9717787.233551484  30385733.77043257 -16240902.76526834
 467891.0014559621  3643178.042746602   2019780.07109337 -16240902.76560014  10109549.14929981

cov*(cov_.inverse()):
     1.000000000043656  1.164153218269348e-10 -1.455191522836685e-11                      0  1.164153218269348e-10
 5.820766091346741e-11     0.9999999998544808  2.037268131971359e-10  2.328306436538696e-10 -1.164153218269348e-10
 4.365574568510056e-11                      0      1.000000000058208  4.656612873077393e-10                      0
 3.637978807091713e-11                      0  1.746229827404022e-10      1.000000000232831                      0
-7.275957614183426e-12 -5.820766091346741e-11                      0                      0                      1
