5
2

9.178928067741482e-05
0.0001267935039697208
0.0002196730439926512
  0.05238735185470893
   0.5700228274660856

0.009235076839851131   0.2053266390815075  -0.6664524786382826   0.6795389022704988  -0.2276481026873479
 -0.3133487831797457   0.7649914125641403  -0.2810703576192464  -0.4192388705657566   0.2486742894981951
  0.6118596479884361  -0.2491311412676221  -0.5220557387203022  -0.2933812857581094   0.4527103626495381
 -0.5907850038250541  -0.3513689998612812 -0.08465344719689973   0.2569750093841796   0.6740256253449092
  0.4222891235331929   0.4325535924874386   0.4439956613882157    0.458646830825935   0.4765293516810333

0.0012820860271552
0.0014213915218426
0.0015807554404440
0.0017786934763613
0.0020222995055678

-0.003218554627505174
0.0005216713572556

   -0.3028167423651787     -1.474937017079962      7.077898858197917      4.810143650628532     -10.11053604580394
     3.126596052665308    -0.9183101511873533    -0.6225973135745755 -0.0008466807575305269    -0.5849532425487562

 4.613682764762085e-09 -1.214368578705319e-07 -4.584940270524536e-07   -0.01504141047778515   -0.07639634133921884
 3.267661588273691e-09 -2.656381493754866e-08  1.062738684246735e-07  -0.005121846100184564     0.1194242624777669

cov:
0.05890134293764587 0.05992154573920717 0.06105909552955879 0.06251552356432157 0.06429305788755717
0.05992154573920717 0.06113334837358832    0.06248429997833  0.0642140537506817 0.06632523674909352
0.06105909552955879    0.06248429997833 0.06407305015035383 0.06610733020554956 0.06859025703667321
0.06251552356432157  0.0642140537506817 0.06610733020554956 0.06853167889712018 0.07149074980929593
0.06429305788755717 0.06632523674909352 0.06859025703667321 0.07149074980929593 0.07503111086618248

cov.inverse():
 13875735.54251662 -17844135.87473349 -1871496.685576626  5196286.458240559   643507.620150032
-17844135.87181519   42691591.1752574 -26920952.86465836 -1873951.701159316  3947821.831869784
-1871496.687879061 -26920952.87049823  63279281.24801308 -43249062.79349056  8762079.778726637
 5196286.455253832 -1873951.681685398 -43249062.81483093  67524518.93675371 -27598005.51071355
 643507.6225209297  3947821.821153943  8762079.791924872 -27598005.51556693  14244711.29841186

cov*(cov_.inverse()):
    0.9999999997889972  -2.91038304567337e-10  9.313225746154785e-10 -4.656612873077393e-10                      0
                     0      1.000000000291038  3.492459654808044e-10  9.313225746154785e-10  1.164153218269348e-10
-1.455191522836685e-10                      0      1.000000000116415  6.984919309616089e-10                      0
-1.091393642127514e-10  5.820766091346741e-11 -4.656612873077393e-10      1.000000001164153  1.164153218269348e-10
-5.820766091346741e-11 -1.164153218269348e-10 -1.164153218269348e-10  2.328306436538696e-10                      1
