5
2

0.0001484464090480896
0.0002132141921698862
0.0003607167083989857
  0.08596624074511847
   0.5896132579735655

0.04083044191626491 0.03569219568635462 -0.5532310605392698  0.7756493363313399 -0.2989355162628829
-0.3537944848372563  0.7686988460008836 -0.4214635661672668 -0.2272571271699905  0.2337823928350097
 0.5259984750410253  -0.288501900657994 -0.5601252599068106 -0.2090197395622117  0.5316603231941556
-0.6643010163203265 -0.3885233274651528 0.01372579099771106  0.2831550862350379  0.5721788038121501
 0.3939442872817934  0.4167066458026887  0.4498612585275375  0.4720765306724835  0.4959153830303758

0.0003098163068596
0.0002461083768953
0.0002000279913021
0.0001101981834140
0.0000183466178001

0.001046727872230996
0.0006465244895996

  3.167524925984742   -2.79946584190309   4.569393432884469  -1.876678411871392  -3.060672000700391
  2.603236473989992  -1.561199184453737  0.4247752409647021 -0.2135662289057739 -0.2531232187895652

-6.697324807827438e-08 -2.494621936295237e-07 -1.718375312016073e-07   -0.02391804233857255     -0.092787780825117
-6.047105028481603e-09 -1.050483379348737e-07  1.941135838104638e-07  -0.009771640856010885     0.1180983109953273

cov:
0.05721287479443764 0.05897627884013619 0.06154211175992924 0.06326185323735714 0.06510777277925614
0.05897627884013619 0.06148199834729012 0.06512996235300637 0.06757458069210298 0.07019813182754077
0.06154211175992924 0.06512996235300637 0.07035591355727981  0.0738574771192988 0.07761493816591777
0.06326185323735714 0.06757458069210298  0.0738574771192988 0.07806713600561679 0.08258419619838692
0.06510777277925614 0.07019813182754077 0.07761493816591777 0.08258419619838692 0.08791626343459721

cov.inverse():
 4955475.684995174 -7082500.569393448 -9343.790588244799  2360812.952386371 -224103.0023570689
-7082500.568912195   13695625.4749309 -6780752.365842178 -2122991.155483596  2290039.419780123
-9343.792090430763 -6780752.363073152  20207713.40330119 -16466292.16069716  3048805.391414333
 2360812.953689198 -2122991.158775111 -16466292.15791918  28773656.76837801 -12544849.89796148
-224103.0026389693   2290039.42078383  3048805.389903343 -12544849.89717234  7429897.905983959

cov*(cov_.inverse()):
    0.9999999999818101                      0  2.328306436538696e-10  1.164153218269348e-10  5.820766091346741e-11
-1.455191522836685e-11      1.000000000116415 -5.820766091346741e-11  2.328306436538696e-10  5.820766091346741e-11
 2.546585164964199e-11  8.731149137020111e-11     0.9999999998835847  4.656612873077393e-10 -1.164153218269348e-10
 4.365574568510056e-11  -2.91038304567337e-11 -1.164153218269348e-10      1.000000000349246                      0
-2.182787284255028e-11  -2.91038304567337e-11 -1.164153218269348e-10  2.328306436538696e-10                      1
