5
2

0.0001006209620315877
0.0001704770978397092
0.0003278408476022488
  0.05107238519941635
   0.5584576614717993

-0.01566403460493326   0.4304626392356688  -0.7674062239333213   0.4621105970369586   -0.109535555034449
 -0.3068626368543804   0.6479870067390958 -0.04734885973102604  -0.6161974775329384    0.322501031570906
  0.4993922590650299  -0.3509099095713031  -0.4569812380752596   -0.276417047258079   0.5850054452591991
 -0.6937066227146802  -0.2863702534154087 -0.02133924306013833   0.3417858807973177    0.565234683962166
  0.4182923060616715   0.4355101246159769   0.4467197753663882   0.4620935970784663   0.4714588294668725

-0.0422884992084552
-0.0461931606356252
-0.0488168548274157
-0.0524274067113519
-0.0546021549603101

0.05582391531345202
-0.0311012777561826

-2.257572713452225  3.602648155970542  10.19199463517188 -2.488065716165313 -9.050986359567982
 2.525525852911468 -1.680226663463441  1.030995827473737 0.1283324556205374 -1.004151589674957

 -6.47323875530559e-08  3.367877615976845e-08 -1.252814939297205e-06   -0.01473584247371449    -0.0746181631346417
-1.401983983829719e-08 -6.729376523326482e-08  8.133875798278836e-08  -0.004738207748274209     0.1157380471683337

cov:
0.05582354074781025 0.05733257785268595 0.05831537031685891 0.05966391612183469  0.0604813736289221
0.05733257785268595 0.05936696896816748 0.06069153327428949 0.06250842415500861 0.06361352834616496
0.05831537031685891 0.06069153327428949 0.06223853337007269 0.06436019559626123 0.06565248988785451
0.05966391612183469 0.06250842415500861 0.06436019559626123 0.06689954078832665 0.06844837705393315
 0.0604813736289221 0.06361352834616496 0.06565248988785451 0.06844837705393315 0.07015491097877136

cov.inverse():
 5584872.169013722 -9138292.764165794 -436085.8613984631  4506889.668437794 -517723.6317222129
-9138292.767141292  33895284.57004994 -32191212.02618445  6810839.571727142  623479.6643446533
-436085.8558418159 -32191212.03504449  60186735.64909391 -32847121.89461669  5289647.961731091
 4506889.665191827  6810839.578219762 -32847121.89707601  34867749.27682169  -13341759.1525029
-517723.6310572021  623479.6637362143  5289647.960887101 -13341759.15171553  7948055.083268732

cov*(cov_.inverse()):
    0.9999999999818101 -2.182787284255028e-11                      0  1.164153218269348e-10  1.164153218269348e-10
 -1.01863406598568e-10     0.9999999998544808  5.820766091346741e-11 -1.164153218269348e-10  1.746229827404022e-10
 8.731149137020111e-11   1.01863406598568e-10     0.9999999991850927  4.656612873077393e-10                      0
 -2.91038304567337e-11 -1.600710675120354e-10 -1.746229827404022e-10     0.9999999997671694                      0
 7.275957614183426e-12 -4.365574568510056e-11 -5.820766091346741e-11 -2.328306436538696e-10                      1
