5
2

0.0001661370468114005
0.0002072225017947765
0.0005087501042378318
  0.08670861277566577
   0.5891829175825146

  0.4104487751515007  -0.8119305932956242   0.4077739089182507  0.05161639200700509 -0.05793705143479485
 0.03138470213239072  0.04953509190568615   0.2432301209466141  -0.8272306557711634   0.5030803370821231
  0.5017356283957516  -0.1532144681283449  -0.7579375134990906   0.0223959609073536   0.3870605024028171
 -0.6496947930087906  -0.3740186119190259 -0.04478440836401114   0.2980989499923602    0.589184289213798
  0.3958596197950472   0.4182707150098183   0.4450669948087901   0.4729277187658583   0.4965878707093941

0.0000421450707333
0.0000882567219747
0.0001415222265627
0.0002282888593648
0.0002533143754308

-0.0002150431085281763
0.0001156502303870

  1.633969335510778   3.946373341340225  -5.979569568804642   4.105146212641273  -3.706069275501402
  2.221908217578801 -0.4635664217052439 -0.7861522472384486  0.2994789003737578 -0.2719137403587396

-1.254550125923597e-07 -2.777434223245334e-07  8.812491297207516e-07   -0.02428155925121292   -0.09122254413806638
 2.757399386917302e-08 -2.271490453893489e-08  4.356440882501887e-07  -0.009818297084614154     0.1188525544245285

cov:
0.05757157535272536 0.05930456634057615  0.0613785796555702 0.06353235494464896 0.06536186633920343
0.05930456634057615 0.06178343869487036 0.06474836452564367 0.06782944056159008 0.07044627887992276
 0.0613785796555702 0.06474836452564367 0.06877764218358151 0.07296647699309626 0.07652387772920564
0.06353235494464896 0.06782944056159008 0.07296647699309626 0.07830890520928734 0.08284554529912568
0.06536186633920343 0.07044627887992276 0.07652387772920564 0.08284554529912568 0.08821366182941205

cov.inverse():
 7099194.134023258 -12334595.04985792  4772321.161050287  206347.9527143015  256402.6308778762
-12334595.04977512   24031734.9076894 -11265891.62732254 -2485885.519017358  2055465.159588122
 4772321.160403985 -11265891.62651904  9621524.418732498 -3988677.737419502  860185.9162898822
  206347.953847994 -2485885.520415025 -3988677.737511409  16034479.37431409 -9766310.396185376
 256402.6303077134  2055465.160265055  860185.9165389867 -9766310.396541256  6594360.896457227

cov*(cov_.inverse()):
     1.000000000094587  -2.91038304567337e-11   2.91038304567337e-11 -1.164153218269348e-10  1.164153218269348e-10
 3.637978807091713e-11      1.000000000029104  -2.91038304567337e-11 -1.164153218269348e-10  5.820766091346741e-11
 -2.91038304567337e-11                      0     0.9999999999708962                      0                      0
 2.182787284255028e-11  1.164153218269348e-10   2.91038304567337e-11     0.9999999998835847  1.164153218269348e-10
 -2.91038304567337e-11  8.731149137020111e-11  -2.91038304567337e-11                      0                      1
